Itération : 0
+---------+-----------+---------+
|   Noeud |   Hauteur |   Excès |
+=========+===========+=========+
|       0 |         8 |     -17 |
+---------+-----------+---------+
|       1 |         0 |       5 |
+---------+-----------+---------+
|       2 |         0 |       8 |
+---------+-----------+---------+
|       3 |         0 |       4 |
+---------+-----------+---------+
|       4 |         0 |       0 |
+---------+-----------+---------+
|       5 |         0 |       0 |
+---------+-----------+---------+
|       6 |         0 |       0 |
+---------+-----------+---------+
|       7 |         0 |       0 |
+---------+-----------+---------+

Flot actuel :
+----+-----+-----+-----+-----+-----+-----+-----+-----+
|    |   0 |   1 |   2 |   3 |   4 |   5 |   6 |   7 |
+====+=====+=====+=====+=====+=====+=====+=====+=====+
|  0 |   0 |   5 |   8 |   4 |   0 |   0 |   0 |   0 |
+----+-----+-----+-----+-----+-----+-----+-----+-----+
|  1 |  -5 |   0 |   0 |   0 |   0 |   0 |   0 |   0 |
+----+-----+-----+-----+-----+-----+-----+-----+-----+
|  2 |  -8 |   0 |   0 |   0 |   0 |   0 |   0 |   0 |
+----+-----+-----+-----+-----+-----+-----+-----+-----+
|  3 |  -4 |   0 |   0 |   0 |   0 |   0 |   0 |   0 |
+----+-----+-----+-----+-----+-----+-----+-----+-----+
|  4 |   0 |   0 |   0 |   0 |   0 |   0 |   0 |   0 |
+----+-----+-----+-----+-----+-----+-----+-----+-----+
|  5 |   0 |   0 |   0 |   0 |   0 |   0 |   0 |   0 |
+----+-----+-----+-----+-----+-----+-----+-----+-----+
|  6 |   0 |   0 |   0 |   0 |   0 |   0 |   0 |   0 |
+----+-----+-----+-----+-----+-----+-----+-----+-----+
|  7 |   0 |   0 |   0 |   0 |   0 |   0 |   0 |   0 |
+----+-----+-----+-----+-----+-----+-----+-----+-----+
Reetiquetage du sommet 1
Nouvelle hauteur : 1

Itération : 1
+---------+-----------+---------+
|   Noeud |   Hauteur |   Excès |
+=========+===========+=========+
|       0 |         8 |     -17 |
+---------+-----------+---------+
|       1 |         1 |       5 |
+---------+-----------+---------+
|       2 |         0 |       8 |
+---------+-----------+---------+
|       3 |         0 |       4 |
+---------+-----------+---------+
|       4 |         0 |       0 |
+---------+-----------+---------+
|       5 |         0 |       0 |
+---------+-----------+---------+
|       6 |         0 |       0 |
+---------+-----------+---------+
|       7 |         0 |       0 |
+---------+-----------+---------+

Flot actuel :
+----+-----+-----+-----+-----+-----+-----+-----+-----+
|    |   0 |   1 |   2 |   3 |   4 |   5 |   6 |   7 |
+====+=====+=====+=====+=====+=====+=====+=====+=====+
|  0 |   0 |   5 |   8 |   4 |   0 |   0 |   0 |   0 |
+----+-----+-----+-----+-----+-----+-----+-----+-----+
|  1 |  -5 |   0 |   0 |   0 |   0 |   0 |   0 |   0 |
+----+-----+-----+-----+-----+-----+-----+-----+-----+
|  2 |  -8 |   0 |   0 |   0 |   0 |   0 |   0 |   0 |
+----+-----+-----+-----+-----+-----+-----+-----+-----+
|  3 |  -4 |   0 |   0 |   0 |   0 |   0 |   0 |   0 |
+----+-----+-----+-----+-----+-----+-----+-----+-----+
|  4 |   0 |   0 |   0 |   0 |   0 |   0 |   0 |   0 |
+----+-----+-----+-----+-----+-----+-----+-----+-----+
|  5 |   0 |   0 |   0 |   0 |   0 |   0 |   0 |   0 |
+----+-----+-----+-----+-----+-----+-----+-----+-----+
|  6 |   0 |   0 |   0 |   0 |   0 |   0 |   0 |   0 |
+----+-----+-----+-----+-----+-----+-----+-----+-----+
|  7 |   0 |   0 |   0 |   0 |   0 |   0 |   0 |   0 |
+----+-----+-----+-----+-----+-----+-----+-----+-----+
On pousse le flot du sommet 1 vers le sommet 2
Quantité de flot poussée : 4
On pousse le flot du sommet 1 vers le sommet 4
Quantité de flot poussée : 1

Itération : 2
+---------+-----------+---------+
|   Noeud |   Hauteur |   Excès |
+=========+===========+=========+
|       0 |         8 |     -17 |
+---------+-----------+---------+
|       1 |         1 |       0 |
+---------+-----------+---------+
|       2 |         0 |      12 |
+---------+-----------+---------+
|       3 |         0 |       4 |
+---------+-----------+---------+
|       4 |         0 |       1 |
+---------+-----------+---------+
|       5 |         0 |       0 |
+---------+-----------+---------+
|       6 |         0 |       0 |
+---------+-----------+---------+
|       7 |         0 |       0 |
+---------+-----------+---------+

Flot actuel :
+----+-----+-----+-----+-----+-----+-----+-----+-----+
|    |   0 |   1 |   2 |   3 |   4 |   5 |   6 |   7 |
+====+=====+=====+=====+=====+=====+=====+=====+=====+
|  0 |   0 |   5 |   8 |   4 |   0 |   0 |   0 |   0 |
+----+-----+-----+-----+-----+-----+-----+-----+-----+
|  1 |  -5 |   0 |   4 |   0 |   1 |   0 |   0 |   0 |
+----+-----+-----+-----+-----+-----+-----+-----+-----+
|  2 |  -8 |  -4 |   0 |   0 |   0 |   0 |   0 |   0 |
+----+-----+-----+-----+-----+-----+-----+-----+-----+
|  3 |  -4 |   0 |   0 |   0 |   0 |   0 |   0 |   0 |
+----+-----+-----+-----+-----+-----+-----+-----+-----+
|  4 |   0 |  -1 |   0 |   0 |   0 |   0 |   0 |   0 |
+----+-----+-----+-----+-----+-----+-----+-----+-----+
|  5 |   0 |   0 |   0 |   0 |   0 |   0 |   0 |   0 |
+----+-----+-----+-----+-----+-----+-----+-----+-----+
|  6 |   0 |   0 |   0 |   0 |   0 |   0 |   0 |   0 |
+----+-----+-----+-----+-----+-----+-----+-----+-----+
|  7 |   0 |   0 |   0 |   0 |   0 |   0 |   0 |   0 |
+----+-----+-----+-----+-----+-----+-----+-----+-----+
Reetiquetage du sommet 2
Nouvelle hauteur : 1

Itération : 3
+---------+-----------+---------+
|   Noeud |   Hauteur |   Excès |
+=========+===========+=========+
|       0 |         8 |     -17 |
+---------+-----------+---------+
|       1 |         1 |       0 |
+---------+-----------+---------+
|       2 |         1 |      12 |
+---------+-----------+---------+
|       3 |         0 |       4 |
+---------+-----------+---------+
|       4 |         0 |       1 |
+---------+-----------+---------+
|       5 |         0 |       0 |
+---------+-----------+---------+
|       6 |         0 |       0 |
+---------+-----------+---------+
|       7 |         0 |       0 |
+---------+-----------+---------+

Flot actuel :
+----+-----+-----+-----+-----+-----+-----+-----+-----+
|    |   0 |   1 |   2 |   3 |   4 |   5 |   6 |   7 |
+====+=====+=====+=====+=====+=====+=====+=====+=====+
|  0 |   0 |   5 |   8 |   4 |   0 |   0 |   0 |   0 |
+----+-----+-----+-----+-----+-----+-----+-----+-----+
|  1 |  -5 |   0 |   4 |   0 |   1 |   0 |   0 |   0 |
+----+-----+-----+-----+-----+-----+-----+-----+-----+
|  2 |  -8 |  -4 |   0 |   0 |   0 |   0 |   0 |   0 |
+----+-----+-----+-----+-----+-----+-----+-----+-----+
|  3 |  -4 |   0 |   0 |   0 |   0 |   0 |   0 |   0 |
+----+-----+-----+-----+-----+-----+-----+-----+-----+
|  4 |   0 |  -1 |   0 |   0 |   0 |   0 |   0 |   0 |
+----+-----+-----+-----+-----+-----+-----+-----+-----+
|  5 |   0 |   0 |   0 |   0 |   0 |   0 |   0 |   0 |
+----+-----+-----+-----+-----+-----+-----+-----+-----+
|  6 |   0 |   0 |   0 |   0 |   0 |   0 |   0 |   0 |
+----+-----+-----+-----+-----+-----+-----+-----+-----+
|  7 |   0 |   0 |   0 |   0 |   0 |   0 |   0 |   0 |
+----+-----+-----+-----+-----+-----+-----+-----+-----+
On pousse le flot du sommet 2 vers le sommet 5
Quantité de flot poussée : 7
On pousse le flot du sommet 2 vers le sommet 6
Quantité de flot poussée : 5

Itération : 4
+---------+-----------+---------+
|   Noeud |   Hauteur |   Excès |
+=========+===========+=========+
|       0 |         8 |     -17 |
+---------+-----------+---------+
|       1 |         1 |       0 |
+---------+-----------+---------+
|       2 |         1 |       0 |
+---------+-----------+---------+
|       3 |         0 |       4 |
+---------+-----------+---------+
|       4 |         0 |       1 |
+---------+-----------+---------+
|       5 |         0 |       7 |
+---------+-----------+---------+
|       6 |         0 |       5 |
+---------+-----------+---------+
|       7 |         0 |       0 |
+---------+-----------+---------+

Flot actuel :
+----+-----+-----+-----+-----+-----+-----+-----+-----+
|    |   0 |   1 |   2 |   3 |   4 |   5 |   6 |   7 |
+====+=====+=====+=====+=====+=====+=====+=====+=====+
|  0 |   0 |   5 |   8 |   4 |   0 |   0 |   0 |   0 |
+----+-----+-----+-----+-----+-----+-----+-----+-----+
|  1 |  -5 |   0 |   4 |   0 |   1 |   0 |   0 |   0 |
+----+-----+-----+-----+-----+-----+-----+-----+-----+
|  2 |  -8 |  -4 |   0 |   0 |   0 |   7 |   5 |   0 |
+----+-----+-----+-----+-----+-----+-----+-----+-----+
|  3 |  -4 |   0 |   0 |   0 |   0 |   0 |   0 |   0 |
+----+-----+-----+-----+-----+-----+-----+-----+-----+
|  4 |   0 |  -1 |   0 |   0 |   0 |   0 |   0 |   0 |
+----+-----+-----+-----+-----+-----+-----+-----+-----+
|  5 |   0 |   0 |  -7 |   0 |   0 |   0 |   0 |   0 |
+----+-----+-----+-----+-----+-----+-----+-----+-----+
|  6 |   0 |   0 |  -5 |   0 |   0 |   0 |   0 |   0 |
+----+-----+-----+-----+-----+-----+-----+-----+-----+
|  7 |   0 |   0 |   0 |   0 |   0 |   0 |   0 |   0 |
+----+-----+-----+-----+-----+-----+-----+-----+-----+
Reetiquetage du sommet 3
Nouvelle hauteur : 1

Itération : 5
+---------+-----------+---------+
|   Noeud |   Hauteur |   Excès |
+=========+===========+=========+
|       0 |         8 |     -17 |
+---------+-----------+---------+
|       1 |         1 |       0 |
+---------+-----------+---------+
|       2 |         1 |       0 |
+---------+-----------+---------+
|       3 |         1 |       4 |
+---------+-----------+---------+
|       4 |         0 |       1 |
+---------+-----------+---------+
|       5 |         0 |       7 |
+---------+-----------+---------+
|       6 |         0 |       5 |
+---------+-----------+---------+
|       7 |         0 |       0 |
+---------+-----------+---------+

Flot actuel :
+----+-----+-----+-----+-----+-----+-----+-----+-----+
|    |   0 |   1 |   2 |   3 |   4 |   5 |   6 |   7 |
+====+=====+=====+=====+=====+=====+=====+=====+=====+
|  0 |   0 |   5 |   8 |   4 |   0 |   0 |   0 |   0 |
+----+-----+-----+-----+-----+-----+-----+-----+-----+
|  1 |  -5 |   0 |   4 |   0 |   1 |   0 |   0 |   0 |
+----+-----+-----+-----+-----+-----+-----+-----+-----+
|  2 |  -8 |  -4 |   0 |   0 |   0 |   7 |   5 |   0 |
+----+-----+-----+-----+-----+-----+-----+-----+-----+
|  3 |  -4 |   0 |   0 |   0 |   0 |   0 |   0 |   0 |
+----+-----+-----+-----+-----+-----+-----+-----+-----+
|  4 |   0 |  -1 |   0 |   0 |   0 |   0 |   0 |   0 |
+----+-----+-----+-----+-----+-----+-----+-----+-----+
|  5 |   0 |   0 |  -7 |   0 |   0 |   0 |   0 |   0 |
+----+-----+-----+-----+-----+-----+-----+-----+-----+
|  6 |   0 |   0 |  -5 |   0 |   0 |   0 |   0 |   0 |
+----+-----+-----+-----+-----+-----+-----+-----+-----+
|  7 |   0 |   0 |   0 |   0 |   0 |   0 |   0 |   0 |
+----+-----+-----+-----+-----+-----+-----+-----+-----+
On pousse le flot du sommet 3 vers le sommet 6
Quantité de flot poussée : 4

Itération : 6
+---------+-----------+---------+
|   Noeud |   Hauteur |   Excès |
+=========+===========+=========+
|       0 |         8 |     -17 |
+---------+-----------+---------+
|       1 |         1 |       0 |
+---------+-----------+---------+
|       2 |         1 |       0 |
+---------+-----------+---------+
|       3 |         1 |       0 |
+---------+-----------+---------+
|       4 |         0 |       1 |
+---------+-----------+---------+
|       5 |         0 |       7 |
+---------+-----------+---------+
|       6 |         0 |       9 |
+---------+-----------+---------+
|       7 |         0 |       0 |
+---------+-----------+---------+

Flot actuel :
+----+-----+-----+-----+-----+-----+-----+-----+-----+
|    |   0 |   1 |   2 |   3 |   4 |   5 |   6 |   7 |
+====+=====+=====+=====+=====+=====+=====+=====+=====+
|  0 |   0 |   5 |   8 |   4 |   0 |   0 |   0 |   0 |
+----+-----+-----+-----+-----+-----+-----+-----+-----+
|  1 |  -5 |   0 |   4 |   0 |   1 |   0 |   0 |   0 |
+----+-----+-----+-----+-----+-----+-----+-----+-----+
|  2 |  -8 |  -4 |   0 |   0 |   0 |   7 |   5 |   0 |
+----+-----+-----+-----+-----+-----+-----+-----+-----+
|  3 |  -4 |   0 |   0 |   0 |   0 |   0 |   4 |   0 |
+----+-----+-----+-----+-----+-----+-----+-----+-----+
|  4 |   0 |  -1 |   0 |   0 |   0 |   0 |   0 |   0 |
+----+-----+-----+-----+-----+-----+-----+-----+-----+
|  5 |   0 |   0 |  -7 |   0 |   0 |   0 |   0 |   0 |
+----+-----+-----+-----+-----+-----+-----+-----+-----+
|  6 |   0 |   0 |  -5 |  -4 |   0 |   0 |   0 |   0 |
+----+-----+-----+-----+-----+-----+-----+-----+-----+
|  7 |   0 |   0 |   0 |   0 |   0 |   0 |   0 |   0 |
+----+-----+-----+-----+-----+-----+-----+-----+-----+
Reetiquetage du sommet 4
Nouvelle hauteur : 1

Itération : 7
+---------+-----------+---------+
|   Noeud |   Hauteur |   Excès |
+=========+===========+=========+
|       0 |         8 |     -17 |
+---------+-----------+---------+
|       1 |         1 |       0 |
+---------+-----------+---------+
|       2 |         1 |       0 |
+---------+-----------+---------+
|       3 |         1 |       0 |
+---------+-----------+---------+
|       4 |         1 |       1 |
+---------+-----------+---------+
|       5 |         0 |       7 |
+---------+-----------+---------+
|       6 |         0 |       9 |
+---------+-----------+---------+
|       7 |         0 |       0 |
+---------+-----------+---------+

Flot actuel :
+----+-----+-----+-----+-----+-----+-----+-----+-----+
|    |   0 |   1 |   2 |   3 |   4 |   5 |   6 |   7 |
+====+=====+=====+=====+=====+=====+=====+=====+=====+
|  0 |   0 |   5 |   8 |   4 |   0 |   0 |   0 |   0 |
+----+-----+-----+-----+-----+-----+-----+-----+-----+
|  1 |  -5 |   0 |   4 |   0 |   1 |   0 |   0 |   0 |
+----+-----+-----+-----+-----+-----+-----+-----+-----+
|  2 |  -8 |  -4 |   0 |   0 |   0 |   7 |   5 |   0 |
+----+-----+-----+-----+-----+-----+-----+-----+-----+
|  3 |  -4 |   0 |   0 |   0 |   0 |   0 |   4 |   0 |
+----+-----+-----+-----+-----+-----+-----+-----+-----+
|  4 |   0 |  -1 |   0 |   0 |   0 |   0 |   0 |   0 |
+----+-----+-----+-----+-----+-----+-----+-----+-----+
|  5 |   0 |   0 |  -7 |   0 |   0 |   0 |   0 |   0 |
+----+-----+-----+-----+-----+-----+-----+-----+-----+
|  6 |   0 |   0 |  -5 |  -4 |   0 |   0 |   0 |   0 |
+----+-----+-----+-----+-----+-----+-----+-----+-----+
|  7 |   0 |   0 |   0 |   0 |   0 |   0 |   0 |   0 |
+----+-----+-----+-----+-----+-----+-----+-----+-----+
On pousse le flot du sommet 4 vers le sommet 5
Quantité de flot poussée : 1

Itération : 8
+---------+-----------+---------+
|   Noeud |   Hauteur |   Excès |
+=========+===========+=========+
|       0 |         8 |     -17 |
+---------+-----------+---------+
|       1 |         1 |       0 |
+---------+-----------+---------+
|       2 |         1 |       0 |
+---------+-----------+---------+
|       3 |         1 |       0 |
+---------+-----------+---------+
|       4 |         1 |       0 |
+---------+-----------+---------+
|       5 |         0 |       8 |
+---------+-----------+---------+
|       6 |         0 |       9 |
+---------+-----------+---------+
|       7 |         0 |       0 |
+---------+-----------+---------+

Flot actuel :
+----+-----+-----+-----+-----+-----+-----+-----+-----+
|    |   0 |   1 |   2 |   3 |   4 |   5 |   6 |   7 |
+====+=====+=====+=====+=====+=====+=====+=====+=====+
|  0 |   0 |   5 |   8 |   4 |   0 |   0 |   0 |   0 |
+----+-----+-----+-----+-----+-----+-----+-----+-----+
|  1 |  -5 |   0 |   4 |   0 |   1 |   0 |   0 |   0 |
+----+-----+-----+-----+-----+-----+-----+-----+-----+
|  2 |  -8 |  -4 |   0 |   0 |   0 |   7 |   5 |   0 |
+----+-----+-----+-----+-----+-----+-----+-----+-----+
|  3 |  -4 |   0 |   0 |   0 |   0 |   0 |   4 |   0 |
+----+-----+-----+-----+-----+-----+-----+-----+-----+
|  4 |   0 |  -1 |   0 |   0 |   0 |   1 |   0 |   0 |
+----+-----+-----+-----+-----+-----+-----+-----+-----+
|  5 |   0 |   0 |  -7 |   0 |  -1 |   0 |   0 |   0 |
+----+-----+-----+-----+-----+-----+-----+-----+-----+
|  6 |   0 |   0 |  -5 |  -4 |   0 |   0 |   0 |   0 |
+----+-----+-----+-----+-----+-----+-----+-----+-----+
|  7 |   0 |   0 |   0 |   0 |   0 |   0 |   0 |   0 |
+----+-----+-----+-----+-----+-----+-----+-----+-----+
Reetiquetage du sommet 5
Nouvelle hauteur : 1

Itération : 9
+---------+-----------+---------+
|   Noeud |   Hauteur |   Excès |
+=========+===========+=========+
|       0 |         8 |     -17 |
+---------+-----------+---------+
|       1 |         1 |       0 |
+---------+-----------+---------+
|       2 |         1 |       0 |
+---------+-----------+---------+
|       3 |         1 |       0 |
+---------+-----------+---------+
|       4 |         1 |       0 |
+---------+-----------+---------+
|       5 |         1 |       8 |
+---------+-----------+---------+
|       6 |         0 |       9 |
+---------+-----------+---------+
|       7 |         0 |       0 |
+---------+-----------+---------+

Flot actuel :
+----+-----+-----+-----+-----+-----+-----+-----+-----+
|    |   0 |   1 |   2 |   3 |   4 |   5 |   6 |   7 |
+====+=====+=====+=====+=====+=====+=====+=====+=====+
|  0 |   0 |   5 |   8 |   4 |   0 |   0 |   0 |   0 |
+----+-----+-----+-----+-----+-----+-----+-----+-----+
|  1 |  -5 |   0 |   4 |   0 |   1 |   0 |   0 |   0 |
+----+-----+-----+-----+-----+-----+-----+-----+-----+
|  2 |  -8 |  -4 |   0 |   0 |   0 |   7 |   5 |   0 |
+----+-----+-----+-----+-----+-----+-----+-----+-----+
|  3 |  -4 |   0 |   0 |   0 |   0 |   0 |   4 |   0 |
+----+-----+-----+-----+-----+-----+-----+-----+-----+
|  4 |   0 |  -1 |   0 |   0 |   0 |   1 |   0 |   0 |
+----+-----+-----+-----+-----+-----+-----+-----+-----+
|  5 |   0 |   0 |  -7 |   0 |  -1 |   0 |   0 |   0 |
+----+-----+-----+-----+-----+-----+-----+-----+-----+
|  6 |   0 |   0 |  -5 |  -4 |   0 |   0 |   0 |   0 |
+----+-----+-----+-----+-----+-----+-----+-----+-----+
|  7 |   0 |   0 |   0 |   0 |   0 |   0 |   0 |   0 |
+----+-----+-----+-----+-----+-----+-----+-----+-----+
On pousse le flot du sommet 5 vers le sommet 7
Quantité de flot poussée : 7

Itération : 10
+---------+-----------+---------+
|   Noeud |   Hauteur |   Excès |
+=========+===========+=========+
|       0 |         8 |     -17 |
+---------+-----------+---------+
|       1 |         1 |       0 |
+---------+-----------+---------+
|       2 |         1 |       0 |
+---------+-----------+---------+
|       3 |         1 |       0 |
+---------+-----------+---------+
|       4 |         1 |       0 |
+---------+-----------+---------+
|       5 |         1 |       1 |
+---------+-----------+---------+
|       6 |         0 |       9 |
+---------+-----------+---------+
|       7 |         0 |       7 |
+---------+-----------+---------+

Flot actuel :
+----+-----+-----+-----+-----+-----+-----+-----+-----+
|    |   0 |   1 |   2 |   3 |   4 |   5 |   6 |   7 |
+====+=====+=====+=====+=====+=====+=====+=====+=====+
|  0 |   0 |   5 |   8 |   4 |   0 |   0 |   0 |   0 |
+----+-----+-----+-----+-----+-----+-----+-----+-----+
|  1 |  -5 |   0 |   4 |   0 |   1 |   0 |   0 |   0 |
+----+-----+-----+-----+-----+-----+-----+-----+-----+
|  2 |  -8 |  -4 |   0 |   0 |   0 |   7 |   5 |   0 |
+----+-----+-----+-----+-----+-----+-----+-----+-----+
|  3 |  -4 |   0 |   0 |   0 |   0 |   0 |   4 |   0 |
+----+-----+-----+-----+-----+-----+-----+-----+-----+
|  4 |   0 |  -1 |   0 |   0 |   0 |   1 |   0 |   0 |
+----+-----+-----+-----+-----+-----+-----+-----+-----+
|  5 |   0 |   0 |  -7 |   0 |  -1 |   0 |   0 |   7 |
+----+-----+-----+-----+-----+-----+-----+-----+-----+
|  6 |   0 |   0 |  -5 |  -4 |   0 |   0 |   0 |   0 |
+----+-----+-----+-----+-----+-----+-----+-----+-----+
|  7 |   0 |   0 |   0 |   0 |   0 |  -7 |   0 |   0 |
+----+-----+-----+-----+-----+-----+-----+-----+-----+
Reetiquetage du sommet 5
Nouvelle hauteur : 2

Itération : 11
+---------+-----------+---------+
|   Noeud |   Hauteur |   Excès |
+=========+===========+=========+
|       0 |         8 |     -17 |
+---------+-----------+---------+
|       1 |         1 |       0 |
+---------+-----------+---------+
|       2 |         1 |       0 |
+---------+-----------+---------+
|       3 |         1 |       0 |
+---------+-----------+---------+
|       4 |         1 |       0 |
+---------+-----------+---------+
|       5 |         2 |       1 |
+---------+-----------+---------+
|       6 |         0 |       9 |
+---------+-----------+---------+
|       7 |         0 |       7 |
+---------+-----------+---------+

Flot actuel :
+----+-----+-----+-----+-----+-----+-----+-----+-----+
|    |   0 |   1 |   2 |   3 |   4 |   5 |   6 |   7 |
+====+=====+=====+=====+=====+=====+=====+=====+=====+
|  0 |   0 |   5 |   8 |   4 |   0 |   0 |   0 |   0 |
+----+-----+-----+-----+-----+-----+-----+-----+-----+
|  1 |  -5 |   0 |   4 |   0 |   1 |   0 |   0 |   0 |
+----+-----+-----+-----+-----+-----+-----+-----+-----+
|  2 |  -8 |  -4 |   0 |   0 |   0 |   7 |   5 |   0 |
+----+-----+-----+-----+-----+-----+-----+-----+-----+
|  3 |  -4 |   0 |   0 |   0 |   0 |   0 |   4 |   0 |
+----+-----+-----+-----+-----+-----+-----+-----+-----+
|  4 |   0 |  -1 |   0 |   0 |   0 |   1 |   0 |   0 |
+----+-----+-----+-----+-----+-----+-----+-----+-----+
|  5 |   0 |   0 |  -7 |   0 |  -1 |   0 |   0 |   7 |
+----+-----+-----+-----+-----+-----+-----+-----+-----+
|  6 |   0 |   0 |  -5 |  -4 |   0 |   0 |   0 |   0 |
+----+-----+-----+-----+-----+-----+-----+-----+-----+
|  7 |   0 |   0 |   0 |   0 |   0 |  -7 |   0 |   0 |
+----+-----+-----+-----+-----+-----+-----+-----+-----+
On pousse le flot du sommet 5 vers le sommet 2
Quantité de flot poussée : 1

Itération : 12
+---------+-----------+---------+
|   Noeud |   Hauteur |   Excès |
+=========+===========+=========+
|       0 |         8 |     -17 |
+---------+-----------+---------+
|       1 |         1 |       0 |
+---------+-----------+---------+
|       2 |         1 |       1 |
+---------+-----------+---------+
|       3 |         1 |       0 |
+---------+-----------+---------+
|       4 |         1 |       0 |
+---------+-----------+---------+
|       5 |         2 |       0 |
+---------+-----------+---------+
|       6 |         0 |       9 |
+---------+-----------+---------+
|       7 |         0 |       7 |
+---------+-----------+---------+

Flot actuel :
+----+-----+-----+-----+-----+-----+-----+-----+-----+
|    |   0 |   1 |   2 |   3 |   4 |   5 |   6 |   7 |
+====+=====+=====+=====+=====+=====+=====+=====+=====+
|  0 |   0 |   5 |   8 |   4 |   0 |   0 |   0 |   0 |
+----+-----+-----+-----+-----+-----+-----+-----+-----+
|  1 |  -5 |   0 |   4 |   0 |   1 |   0 |   0 |   0 |
+----+-----+-----+-----+-----+-----+-----+-----+-----+
|  2 |  -8 |  -4 |   0 |   0 |   0 |   6 |   5 |   0 |
+----+-----+-----+-----+-----+-----+-----+-----+-----+
|  3 |  -4 |   0 |   0 |   0 |   0 |   0 |   4 |   0 |
+----+-----+-----+-----+-----+-----+-----+-----+-----+
|  4 |   0 |  -1 |   0 |   0 |   0 |   1 |   0 |   0 |
+----+-----+-----+-----+-----+-----+-----+-----+-----+
|  5 |   0 |   0 |  -6 |   0 |  -1 |   0 |   0 |   7 |
+----+-----+-----+-----+-----+-----+-----+-----+-----+
|  6 |   0 |   0 |  -5 |  -4 |   0 |   0 |   0 |   0 |
+----+-----+-----+-----+-----+-----+-----+-----+-----+
|  7 |   0 |   0 |   0 |   0 |   0 |  -7 |   0 |   0 |
+----+-----+-----+-----+-----+-----+-----+-----+-----+
Reetiquetage du sommet 6
Nouvelle hauteur : 1

Itération : 13
+---------+-----------+---------+
|   Noeud |   Hauteur |   Excès |
+=========+===========+=========+
|       0 |         8 |     -17 |
+---------+-----------+---------+
|       1 |         1 |       0 |
+---------+-----------+---------+
|       2 |         1 |       1 |
+---------+-----------+---------+
|       3 |         1 |       0 |
+---------+-----------+---------+
|       4 |         1 |       0 |
+---------+-----------+---------+
|       5 |         2 |       0 |
+---------+-----------+---------+
|       6 |         1 |       9 |
+---------+-----------+---------+
|       7 |         0 |       7 |
+---------+-----------+---------+

Flot actuel :
+----+-----+-----+-----+-----+-----+-----+-----+-----+
|    |   0 |   1 |   2 |   3 |   4 |   5 |   6 |   7 |
+====+=====+=====+=====+=====+=====+=====+=====+=====+
|  0 |   0 |   5 |   8 |   4 |   0 |   0 |   0 |   0 |
+----+-----+-----+-----+-----+-----+-----+-----+-----+
|  1 |  -5 |   0 |   4 |   0 |   1 |   0 |   0 |   0 |
+----+-----+-----+-----+-----+-----+-----+-----+-----+
|  2 |  -8 |  -4 |   0 |   0 |   0 |   6 |   5 |   0 |
+----+-----+-----+-----+-----+-----+-----+-----+-----+
|  3 |  -4 |   0 |   0 |   0 |   0 |   0 |   4 |   0 |
+----+-----+-----+-----+-----+-----+-----+-----+-----+
|  4 |   0 |  -1 |   0 |   0 |   0 |   1 |   0 |   0 |
+----+-----+-----+-----+-----+-----+-----+-----+-----+
|  5 |   0 |   0 |  -6 |   0 |  -1 |   0 |   0 |   7 |
+----+-----+-----+-----+-----+-----+-----+-----+-----+
|  6 |   0 |   0 |  -5 |  -4 |   0 |   0 |   0 |   0 |
+----+-----+-----+-----+-----+-----+-----+-----+-----+
|  7 |   0 |   0 |   0 |   0 |   0 |  -7 |   0 |   0 |
+----+-----+-----+-----+-----+-----+-----+-----+-----+
On pousse le flot du sommet 6 vers le sommet 7
Quantité de flot poussée : 9

Itération : 14
+---------+-----------+---------+
|   Noeud |   Hauteur |   Excès |
+=========+===========+=========+
|       0 |         8 |     -17 |
+---------+-----------+---------+
|       1 |         1 |       0 |
+---------+-----------+---------+
|       2 |         1 |       1 |
+---------+-----------+---------+
|       3 |         1 |       0 |
+---------+-----------+---------+
|       4 |         1 |       0 |
+---------+-----------+---------+
|       5 |         2 |       0 |
+---------+-----------+---------+
|       6 |         1 |       0 |
+---------+-----------+---------+
|       7 |         0 |      16 |
+---------+-----------+---------+

Flot actuel :
+----+-----+-----+-----+-----+-----+-----+-----+-----+
|    |   0 |   1 |   2 |   3 |   4 |   5 |   6 |   7 |
+====+=====+=====+=====+=====+=====+=====+=====+=====+
|  0 |   0 |   5 |   8 |   4 |   0 |   0 |   0 |   0 |
+----+-----+-----+-----+-----+-----+-----+-----+-----+
|  1 |  -5 |   0 |   4 |   0 |   1 |   0 |   0 |   0 |
+----+-----+-----+-----+-----+-----+-----+-----+-----+
|  2 |  -8 |  -4 |   0 |   0 |   0 |   6 |   5 |   0 |
+----+-----+-----+-----+-----+-----+-----+-----+-----+
|  3 |  -4 |   0 |   0 |   0 |   0 |   0 |   4 |   0 |
+----+-----+-----+-----+-----+-----+-----+-----+-----+
|  4 |   0 |  -1 |   0 |   0 |   0 |   1 |   0 |   0 |
+----+-----+-----+-----+-----+-----+-----+-----+-----+
|  5 |   0 |   0 |  -6 |   0 |  -1 |   0 |   0 |   7 |
+----+-----+-----+-----+-----+-----+-----+-----+-----+
|  6 |   0 |   0 |  -5 |  -4 |   0 |   0 |   0 |   9 |
+----+-----+-----+-----+-----+-----+-----+-----+-----+
|  7 |   0 |   0 |   0 |   0 |   0 |  -7 |  -9 |   0 |
+----+-----+-----+-----+-----+-----+-----+-----+-----+
Reetiquetage du sommet 2
Nouvelle hauteur : 2

Itération : 15
+---------+-----------+---------+
|   Noeud |   Hauteur |   Excès |
+=========+===========+=========+
|       0 |         8 |     -17 |
+---------+-----------+---------+
|       1 |         1 |       0 |
+---------+-----------+---------+
|       2 |         2 |       1 |
+---------+-----------+---------+
|       3 |         1 |       0 |
+---------+-----------+---------+
|       4 |         1 |       0 |
+---------+-----------+---------+
|       5 |         2 |       0 |
+---------+-----------+---------+
|       6 |         1 |       0 |
+---------+-----------+---------+
|       7 |         0 |      16 |
+---------+-----------+---------+

Flot actuel :
+----+-----+-----+-----+-----+-----+-----+-----+-----+
|    |   0 |   1 |   2 |   3 |   4 |   5 |   6 |   7 |
+====+=====+=====+=====+=====+=====+=====+=====+=====+
|  0 |   0 |   5 |   8 |   4 |   0 |   0 |   0 |   0 |
+----+-----+-----+-----+-----+-----+-----+-----+-----+
|  1 |  -5 |   0 |   4 |   0 |   1 |   0 |   0 |   0 |
+----+-----+-----+-----+-----+-----+-----+-----+-----+
|  2 |  -8 |  -4 |   0 |   0 |   0 |   6 |   5 |   0 |
+----+-----+-----+-----+-----+-----+-----+-----+-----+
|  3 |  -4 |   0 |   0 |   0 |   0 |   0 |   4 |   0 |
+----+-----+-----+-----+-----+-----+-----+-----+-----+
|  4 |   0 |  -1 |   0 |   0 |   0 |   1 |   0 |   0 |
+----+-----+-----+-----+-----+-----+-----+-----+-----+
|  5 |   0 |   0 |  -6 |   0 |  -1 |   0 |   0 |   7 |
+----+-----+-----+-----+-----+-----+-----+-----+-----+
|  6 |   0 |   0 |  -5 |  -4 |   0 |   0 |   0 |   9 |
+----+-----+-----+-----+-----+-----+-----+-----+-----+
|  7 |   0 |   0 |   0 |   0 |   0 |  -7 |  -9 |   0 |
+----+-----+-----+-----+-----+-----+-----+-----+-----+
On pousse le flot du sommet 2 vers le sommet 1
Quantité de flot poussée : 1

Itération : 16
+---------+-----------+---------+
|   Noeud |   Hauteur |   Excès |
+=========+===========+=========+
|       0 |         8 |     -17 |
+---------+-----------+---------+
|       1 |         1 |       1 |
+---------+-----------+---------+
|       2 |         2 |       0 |
+---------+-----------+---------+
|       3 |         1 |       0 |
+---------+-----------+---------+
|       4 |         1 |       0 |
+---------+-----------+---------+
|       5 |         2 |       0 |
+---------+-----------+---------+
|       6 |         1 |       0 |
+---------+-----------+---------+
|       7 |         0 |      16 |
+---------+-----------+---------+

Flot actuel :
+----+-----+-----+-----+-----+-----+-----+-----+-----+
|    |   0 |   1 |   2 |   3 |   4 |   5 |   6 |   7 |
+====+=====+=====+=====+=====+=====+=====+=====+=====+
|  0 |   0 |   5 |   8 |   4 |   0 |   0 |   0 |   0 |
+----+-----+-----+-----+-----+-----+-----+-----+-----+
|  1 |  -5 |   0 |   3 |   0 |   1 |   0 |   0 |   0 |
+----+-----+-----+-----+-----+-----+-----+-----+-----+
|  2 |  -8 |  -3 |   0 |   0 |   0 |   6 |   5 |   0 |
+----+-----+-----+-----+-----+-----+-----+-----+-----+
|  3 |  -4 |   0 |   0 |   0 |   0 |   0 |   4 |   0 |
+----+-----+-----+-----+-----+-----+-----+-----+-----+
|  4 |   0 |  -1 |   0 |   0 |   0 |   1 |   0 |   0 |
+----+-----+-----+-----+-----+-----+-----+-----+-----+
|  5 |   0 |   0 |  -6 |   0 |  -1 |   0 |   0 |   7 |
+----+-----+-----+-----+-----+-----+-----+-----+-----+
|  6 |   0 |   0 |  -5 |  -4 |   0 |   0 |   0 |   9 |
+----+-----+-----+-----+-----+-----+-----+-----+-----+
|  7 |   0 |   0 |   0 |   0 |   0 |  -7 |  -9 |   0 |
+----+-----+-----+-----+-----+-----+-----+-----+-----+
Reetiquetage du sommet 1
Nouvelle hauteur : 2

Itération : 17
+---------+-----------+---------+
|   Noeud |   Hauteur |   Excès |
+=========+===========+=========+
|       0 |         8 |     -17 |
+---------+-----------+---------+
|       1 |         2 |       1 |
+---------+-----------+---------+
|       2 |         2 |       0 |
+---------+-----------+---------+
|       3 |         1 |       0 |
+---------+-----------+---------+
|       4 |         1 |       0 |
+---------+-----------+---------+
|       5 |         2 |       0 |
+---------+-----------+---------+
|       6 |         1 |       0 |
+---------+-----------+---------+
|       7 |         0 |      16 |
+---------+-----------+---------+

Flot actuel :
+----+-----+-----+-----+-----+-----+-----+-----+-----+
|    |   0 |   1 |   2 |   3 |   4 |   5 |   6 |   7 |
+====+=====+=====+=====+=====+=====+=====+=====+=====+
|  0 |   0 |   5 |   8 |   4 |   0 |   0 |   0 |   0 |
+----+-----+-----+-----+-----+-----+-----+-----+-----+
|  1 |  -5 |   0 |   3 |   0 |   1 |   0 |   0 |   0 |
+----+-----+-----+-----+-----+-----+-----+-----+-----+
|  2 |  -8 |  -3 |   0 |   0 |   0 |   6 |   5 |   0 |
+----+-----+-----+-----+-----+-----+-----+-----+-----+
|  3 |  -4 |   0 |   0 |   0 |   0 |   0 |   4 |   0 |
+----+-----+-----+-----+-----+-----+-----+-----+-----+
|  4 |   0 |  -1 |   0 |   0 |   0 |   1 |   0 |   0 |
+----+-----+-----+-----+-----+-----+-----+-----+-----+
|  5 |   0 |   0 |  -6 |   0 |  -1 |   0 |   0 |   7 |
+----+-----+-----+-----+-----+-----+-----+-----+-----+
|  6 |   0 |   0 |  -5 |  -4 |   0 |   0 |   0 |   9 |
+----+-----+-----+-----+-----+-----+-----+-----+-----+
|  7 |   0 |   0 |   0 |   0 |   0 |  -7 |  -9 |   0 |
+----+-----+-----+-----+-----+-----+-----+-----+-----+
On pousse le flot du sommet 1 vers le sommet 4
Quantité de flot poussée : 1

Itération : 18
+---------+-----------+---------+
|   Noeud |   Hauteur |   Excès |
+=========+===========+=========+
|       0 |         8 |     -17 |
+---------+-----------+---------+
|       1 |         2 |       0 |
+---------+-----------+---------+
|       2 |         2 |       0 |
+---------+-----------+---------+
|       3 |         1 |       0 |
+---------+-----------+---------+
|       4 |         1 |       1 |
+---------+-----------+---------+
|       5 |         2 |       0 |
+---------+-----------+---------+
|       6 |         1 |       0 |
+---------+-----------+---------+
|       7 |         0 |      16 |
+---------+-----------+---------+

Flot actuel :
+----+-----+-----+-----+-----+-----+-----+-----+-----+
|    |   0 |   1 |   2 |   3 |   4 |   5 |   6 |   7 |
+====+=====+=====+=====+=====+=====+=====+=====+=====+
|  0 |   0 |   5 |   8 |   4 |   0 |   0 |   0 |   0 |
+----+-----+-----+-----+-----+-----+-----+-----+-----+
|  1 |  -5 |   0 |   3 |   0 |   2 |   0 |   0 |   0 |
+----+-----+-----+-----+-----+-----+-----+-----+-----+
|  2 |  -8 |  -3 |   0 |   0 |   0 |   6 |   5 |   0 |
+----+-----+-----+-----+-----+-----+-----+-----+-----+
|  3 |  -4 |   0 |   0 |   0 |   0 |   0 |   4 |   0 |
+----+-----+-----+-----+-----+-----+-----+-----+-----+
|  4 |   0 |  -2 |   0 |   0 |   0 |   1 |   0 |   0 |
+----+-----+-----+-----+-----+-----+-----+-----+-----+
|  5 |   0 |   0 |  -6 |   0 |  -1 |   0 |   0 |   7 |
+----+-----+-----+-----+-----+-----+-----+-----+-----+
|  6 |   0 |   0 |  -5 |  -4 |   0 |   0 |   0 |   9 |
+----+-----+-----+-----+-----+-----+-----+-----+-----+
|  7 |   0 |   0 |   0 |   0 |   0 |  -7 |  -9 |   0 |
+----+-----+-----+-----+-----+-----+-----+-----+-----+
Reetiquetage du sommet 4
Nouvelle hauteur : 3

Itération : 19
+---------+-----------+---------+
|   Noeud |   Hauteur |   Excès |
+=========+===========+=========+
|       0 |         8 |     -17 |
+---------+-----------+---------+
|       1 |         2 |       0 |
+---------+-----------+---------+
|       2 |         2 |       0 |
+---------+-----------+---------+
|       3 |         1 |       0 |
+---------+-----------+---------+
|       4 |         3 |       1 |
+---------+-----------+---------+
|       5 |         2 |       0 |
+---------+-----------+---------+
|       6 |         1 |       0 |
+---------+-----------+---------+
|       7 |         0 |      16 |
+---------+-----------+---------+

Flot actuel :
+----+-----+-----+-----+-----+-----+-----+-----+-----+
|    |   0 |   1 |   2 |   3 |   4 |   5 |   6 |   7 |
+====+=====+=====+=====+=====+=====+=====+=====+=====+
|  0 |   0 |   5 |   8 |   4 |   0 |   0 |   0 |   0 |
+----+-----+-----+-----+-----+-----+-----+-----+-----+
|  1 |  -5 |   0 |   3 |   0 |   2 |   0 |   0 |   0 |
+----+-----+-----+-----+-----+-----+-----+-----+-----+
|  2 |  -8 |  -3 |   0 |   0 |   0 |   6 |   5 |   0 |
+----+-----+-----+-----+-----+-----+-----+-----+-----+
|  3 |  -4 |   0 |   0 |   0 |   0 |   0 |   4 |   0 |
+----+-----+-----+-----+-----+-----+-----+-----+-----+
|  4 |   0 |  -2 |   0 |   0 |   0 |   1 |   0 |   0 |
+----+-----+-----+-----+-----+-----+-----+-----+-----+
|  5 |   0 |   0 |  -6 |   0 |  -1 |   0 |   0 |   7 |
+----+-----+-----+-----+-----+-----+-----+-----+-----+
|  6 |   0 |   0 |  -5 |  -4 |   0 |   0 |   0 |   9 |
+----+-----+-----+-----+-----+-----+-----+-----+-----+
|  7 |   0 |   0 |   0 |   0 |   0 |  -7 |  -9 |   0 |
+----+-----+-----+-----+-----+-----+-----+-----+-----+
On pousse le flot du sommet 4 vers le sommet 1
Quantité de flot poussée : 1

Itération : 20
+---------+-----------+---------+
|   Noeud |   Hauteur |   Excès |
+=========+===========+=========+
|       0 |         8 |     -17 |
+---------+-----------+---------+
|       1 |         2 |       1 |
+---------+-----------+---------+
|       2 |         2 |       0 |
+---------+-----------+---------+
|       3 |         1 |       0 |
+---------+-----------+---------+
|       4 |         3 |       0 |
+---------+-----------+---------+
|       5 |         2 |       0 |
+---------+-----------+---------+
|       6 |         1 |       0 |
+---------+-----------+---------+
|       7 |         0 |      16 |
+---------+-----------+---------+

Flot actuel :
+----+-----+-----+-----+-----+-----+-----+-----+-----+
|    |   0 |   1 |   2 |   3 |   4 |   5 |   6 |   7 |
+====+=====+=====+=====+=====+=====+=====+=====+=====+
|  0 |   0 |   5 |   8 |   4 |   0 |   0 |   0 |   0 |
+----+-----+-----+-----+-----+-----+-----+-----+-----+
|  1 |  -5 |   0 |   3 |   0 |   1 |   0 |   0 |   0 |
+----+-----+-----+-----+-----+-----+-----+-----+-----+
|  2 |  -8 |  -3 |   0 |   0 |   0 |   6 |   5 |   0 |
+----+-----+-----+-----+-----+-----+-----+-----+-----+
|  3 |  -4 |   0 |   0 |   0 |   0 |   0 |   4 |   0 |
+----+-----+-----+-----+-----+-----+-----+-----+-----+
|  4 |   0 |  -1 |   0 |   0 |   0 |   1 |   0 |   0 |
+----+-----+-----+-----+-----+-----+-----+-----+-----+
|  5 |   0 |   0 |  -6 |   0 |  -1 |   0 |   0 |   7 |
+----+-----+-----+-----+-----+-----+-----+-----+-----+
|  6 |   0 |   0 |  -5 |  -4 |   0 |   0 |   0 |   9 |
+----+-----+-----+-----+-----+-----+-----+-----+-----+
|  7 |   0 |   0 |   0 |   0 |   0 |  -7 |  -9 |   0 |
+----+-----+-----+-----+-----+-----+-----+-----+-----+
Reetiquetage du sommet 1
Nouvelle hauteur : 3

Itération : 21
+---------+-----------+---------+
|   Noeud |   Hauteur |   Excès |
+=========+===========+=========+
|       0 |         8 |     -17 |
+---------+-----------+---------+
|       1 |         3 |       1 |
+---------+-----------+---------+
|       2 |         2 |       0 |
+---------+-----------+---------+
|       3 |         1 |       0 |
+---------+-----------+---------+
|       4 |         3 |       0 |
+---------+-----------+---------+
|       5 |         2 |       0 |
+---------+-----------+---------+
|       6 |         1 |       0 |
+---------+-----------+---------+
|       7 |         0 |      16 |
+---------+-----------+---------+

Flot actuel :
+----+-----+-----+-----+-----+-----+-----+-----+-----+
|    |   0 |   1 |   2 |   3 |   4 |   5 |   6 |   7 |
+====+=====+=====+=====+=====+=====+=====+=====+=====+
|  0 |   0 |   5 |   8 |   4 |   0 |   0 |   0 |   0 |
+----+-----+-----+-----+-----+-----+-----+-----+-----+
|  1 |  -5 |   0 |   3 |   0 |   1 |   0 |   0 |   0 |
+----+-----+-----+-----+-----+-----+-----+-----+-----+
|  2 |  -8 |  -3 |   0 |   0 |   0 |   6 |   5 |   0 |
+----+-----+-----+-----+-----+-----+-----+-----+-----+
|  3 |  -4 |   0 |   0 |   0 |   0 |   0 |   4 |   0 |
+----+-----+-----+-----+-----+-----+-----+-----+-----+
|  4 |   0 |  -1 |   0 |   0 |   0 |   1 |   0 |   0 |
+----+-----+-----+-----+-----+-----+-----+-----+-----+
|  5 |   0 |   0 |  -6 |   0 |  -1 |   0 |   0 |   7 |
+----+-----+-----+-----+-----+-----+-----+-----+-----+
|  6 |   0 |   0 |  -5 |  -4 |   0 |   0 |   0 |   9 |
+----+-----+-----+-----+-----+-----+-----+-----+-----+
|  7 |   0 |   0 |   0 |   0 |   0 |  -7 |  -9 |   0 |
+----+-----+-----+-----+-----+-----+-----+-----+-----+
On pousse le flot du sommet 1 vers le sommet 2
Quantité de flot poussée : 1

Itération : 22
+---------+-----------+---------+
|   Noeud |   Hauteur |   Excès |
+=========+===========+=========+
|       0 |         8 |     -17 |
+---------+-----------+---------+
|       1 |         3 |       0 |
+---------+-----------+---------+
|       2 |         2 |       1 |
+---------+-----------+---------+
|       3 |         1 |       0 |
+---------+-----------+---------+
|       4 |         3 |       0 |
+---------+-----------+---------+
|       5 |         2 |       0 |
+---------+-----------+---------+
|       6 |         1 |       0 |
+---------+-----------+---------+
|       7 |         0 |      16 |
+---------+-----------+---------+

Flot actuel :
+----+-----+-----+-----+-----+-----+-----+-----+-----+
|    |   0 |   1 |   2 |   3 |   4 |   5 |   6 |   7 |
+====+=====+=====+=====+=====+=====+=====+=====+=====+
|  0 |   0 |   5 |   8 |   4 |   0 |   0 |   0 |   0 |
+----+-----+-----+-----+-----+-----+-----+-----+-----+
|  1 |  -5 |   0 |   4 |   0 |   1 |   0 |   0 |   0 |
+----+-----+-----+-----+-----+-----+-----+-----+-----+
|  2 |  -8 |  -4 |   0 |   0 |   0 |   6 |   5 |   0 |
+----+-----+-----+-----+-----+-----+-----+-----+-----+
|  3 |  -4 |   0 |   0 |   0 |   0 |   0 |   4 |   0 |
+----+-----+-----+-----+-----+-----+-----+-----+-----+
|  4 |   0 |  -1 |   0 |   0 |   0 |   1 |   0 |   0 |
+----+-----+-----+-----+-----+-----+-----+-----+-----+
|  5 |   0 |   0 |  -6 |   0 |  -1 |   0 |   0 |   7 |
+----+-----+-----+-----+-----+-----+-----+-----+-----+
|  6 |   0 |   0 |  -5 |  -4 |   0 |   0 |   0 |   9 |
+----+-----+-----+-----+-----+-----+-----+-----+-----+
|  7 |   0 |   0 |   0 |   0 |   0 |  -7 |  -9 |   0 |
+----+-----+-----+-----+-----+-----+-----+-----+-----+
On pousse le flot du sommet 2 vers le sommet 6
Quantité de flot poussée : 1

Itération : 23
+---------+-----------+---------+
|   Noeud |   Hauteur |   Excès |
+=========+===========+=========+
|       0 |         8 |     -17 |
+---------+-----------+---------+
|       1 |         3 |       0 |
+---------+-----------+---------+
|       2 |         2 |       0 |
+---------+-----------+---------+
|       3 |         1 |       0 |
+---------+-----------+---------+
|       4 |         3 |       0 |
+---------+-----------+---------+
|       5 |         2 |       0 |
+---------+-----------+---------+
|       6 |         1 |       1 |
+---------+-----------+---------+
|       7 |         0 |      16 |
+---------+-----------+---------+

Flot actuel :
+----+-----+-----+-----+-----+-----+-----+-----+-----+
|    |   0 |   1 |   2 |   3 |   4 |   5 |   6 |   7 |
+====+=====+=====+=====+=====+=====+=====+=====+=====+
|  0 |   0 |   5 |   8 |   4 |   0 |   0 |   0 |   0 |
+----+-----+-----+-----+-----+-----+-----+-----+-----+
|  1 |  -5 |   0 |   4 |   0 |   1 |   0 |   0 |   0 |
+----+-----+-----+-----+-----+-----+-----+-----+-----+
|  2 |  -8 |  -4 |   0 |   0 |   0 |   6 |   6 |   0 |
+----+-----+-----+-----+-----+-----+-----+-----+-----+
|  3 |  -4 |   0 |   0 |   0 |   0 |   0 |   4 |   0 |
+----+-----+-----+-----+-----+-----+-----+-----+-----+
|  4 |   0 |  -1 |   0 |   0 |   0 |   1 |   0 |   0 |
+----+-----+-----+-----+-----+-----+-----+-----+-----+
|  5 |   0 |   0 |  -6 |   0 |  -1 |   0 |   0 |   7 |
+----+-----+-----+-----+-----+-----+-----+-----+-----+
|  6 |   0 |   0 |  -6 |  -4 |   0 |   0 |   0 |   9 |
+----+-----+-----+-----+-----+-----+-----+-----+-----+
|  7 |   0 |   0 |   0 |   0 |   0 |  -7 |  -9 |   0 |
+----+-----+-----+-----+-----+-----+-----+-----+-----+
On pousse le flot du sommet 6 vers le sommet 7
Quantité de flot poussée : 1

Itération : 24
+---------+-----------+---------+
|   Noeud |   Hauteur |   Excès |
+=========+===========+=========+
|       0 |         8 |     -17 |
+---------+-----------+---------+
|       1 |         3 |       0 |
+---------+-----------+---------+
|       2 |         2 |       0 |
+---------+-----------+---------+
|       3 |         1 |       0 |
+---------+-----------+---------+
|       4 |         3 |       0 |
+---------+-----------+---------+
|       5 |         2 |       0 |
+---------+-----------+---------+
|       6 |         1 |       0 |
+---------+-----------+---------+
|       7 |         0 |      17 |
+---------+-----------+---------+

Flot actuel :
+----+-----+-----+-----+-----+-----+-----+-----+-----+
|    |   0 |   1 |   2 |   3 |   4 |   5 |   6 |   7 |
+====+=====+=====+=====+=====+=====+=====+=====+=====+
|  0 |   0 |   5 |   8 |   4 |   0 |   0 |   0 |   0 |
+----+-----+-----+-----+-----+-----+-----+-----+-----+
|  1 |  -5 |   0 |   4 |   0 |   1 |   0 |   0 |   0 |
+----+-----+-----+-----+-----+-----+-----+-----+-----+
|  2 |  -8 |  -4 |   0 |   0 |   0 |   6 |   6 |   0 |
+----+-----+-----+-----+-----+-----+-----+-----+-----+
|  3 |  -4 |   0 |   0 |   0 |   0 |   0 |   4 |   0 |
+----+-----+-----+-----+-----+-----+-----+-----+-----+
|  4 |   0 |  -1 |   0 |   0 |   0 |   1 |   0 |   0 |
+----+-----+-----+-----+-----+-----+-----+-----+-----+
|  5 |   0 |   0 |  -6 |   0 |  -1 |   0 |   0 |   7 |
+----+-----+-----+-----+-----+-----+-----+-----+-----+
|  6 |   0 |   0 |  -6 |  -4 |   0 |   0 |   0 |  10 |
+----+-----+-----+-----+-----+-----+-----+-----+-----+
|  7 |   0 |   0 |   0 |   0 |   0 |  -7 | -10 |   0 |
+----+-----+-----+-----+-----+-----+-----+-----+-----+

Flot maximal : 17