Itération : 0
+---------+-----------+---------+
|   Noeud |   Hauteur |   Excès |
+=========+===========+=========+
|       0 |         8 |     -16 |
+---------+-----------+---------+
|       1 |         0 |       7 |
+---------+-----------+---------+
|       2 |         0 |       4 |
+---------+-----------+---------+
|       3 |         0 |       5 |
+---------+-----------+---------+
|       4 |         0 |       0 |
+---------+-----------+---------+
|       5 |         0 |       0 |
+---------+-----------+---------+
|       6 |         0 |       0 |
+---------+-----------+---------+
|       7 |         0 |       0 |
+---------+-----------+---------+

Flot actuel :
+----+-----+-----+-----+-----+-----+-----+-----+-----+
|    |   0 |   1 |   2 |   3 |   4 |   5 |   6 |   7 |
+====+=====+=====+=====+=====+=====+=====+=====+=====+
|  0 |   0 |   7 |   4 |   5 |   0 |   0 |   0 |   0 |
+----+-----+-----+-----+-----+-----+-----+-----+-----+
|  1 |  -7 |   0 |   0 |   0 |   0 |   0 |   0 |   0 |
+----+-----+-----+-----+-----+-----+-----+-----+-----+
|  2 |  -4 |   0 |   0 |   0 |   0 |   0 |   0 |   0 |
+----+-----+-----+-----+-----+-----+-----+-----+-----+
|  3 |  -5 |   0 |   0 |   0 |   0 |   0 |   0 |   0 |
+----+-----+-----+-----+-----+-----+-----+-----+-----+
|  4 |   0 |   0 |   0 |   0 |   0 |   0 |   0 |   0 |
+----+-----+-----+-----+-----+-----+-----+-----+-----+
|  5 |   0 |   0 |   0 |   0 |   0 |   0 |   0 |   0 |
+----+-----+-----+-----+-----+-----+-----+-----+-----+
|  6 |   0 |   0 |   0 |   0 |   0 |   0 |   0 |   0 |
+----+-----+-----+-----+-----+-----+-----+-----+-----+
|  7 |   0 |   0 |   0 |   0 |   0 |   0 |   0 |   0 |
+----+-----+-----+-----+-----+-----+-----+-----+-----+
Reetiquetage du sommet 1
Nouvelle hauteur : 1

Itération : 1
+---------+-----------+---------+
|   Noeud |   Hauteur |   Excès |
+=========+===========+=========+
|       0 |         8 |     -16 |
+---------+-----------+---------+
|       1 |         1 |       7 |
+---------+-----------+---------+
|       2 |         0 |       4 |
+---------+-----------+---------+
|       3 |         0 |       5 |
+---------+-----------+---------+
|       4 |         0 |       0 |
+---------+-----------+---------+
|       5 |         0 |       0 |
+---------+-----------+---------+
|       6 |         0 |       0 |
+---------+-----------+---------+
|       7 |         0 |       0 |
+---------+-----------+---------+

Flot actuel :
+----+-----+-----+-----+-----+-----+-----+-----+-----+
|    |   0 |   1 |   2 |   3 |   4 |   5 |   6 |   7 |
+====+=====+=====+=====+=====+=====+=====+=====+=====+
|  0 |   0 |   7 |   4 |   5 |   0 |   0 |   0 |   0 |
+----+-----+-----+-----+-----+-----+-----+-----+-----+
|  1 |  -7 |   0 |   0 |   0 |   0 |   0 |   0 |   0 |
+----+-----+-----+-----+-----+-----+-----+-----+-----+
|  2 |  -4 |   0 |   0 |   0 |   0 |   0 |   0 |   0 |
+----+-----+-----+-----+-----+-----+-----+-----+-----+
|  3 |  -5 |   0 |   0 |   0 |   0 |   0 |   0 |   0 |
+----+-----+-----+-----+-----+-----+-----+-----+-----+
|  4 |   0 |   0 |   0 |   0 |   0 |   0 |   0 |   0 |
+----+-----+-----+-----+-----+-----+-----+-----+-----+
|  5 |   0 |   0 |   0 |   0 |   0 |   0 |   0 |   0 |
+----+-----+-----+-----+-----+-----+-----+-----+-----+
|  6 |   0 |   0 |   0 |   0 |   0 |   0 |   0 |   0 |
+----+-----+-----+-----+-----+-----+-----+-----+-----+
|  7 |   0 |   0 |   0 |   0 |   0 |   0 |   0 |   0 |
+----+-----+-----+-----+-----+-----+-----+-----+-----+
On pousse le flot du sommet 1 vers le sommet 4
Quantité de flot poussée : 1
On pousse le flot du sommet 1 vers le sommet 5
Quantité de flot poussée : 6

Itération : 2
+---------+-----------+---------+
|   Noeud |   Hauteur |   Excès |
+=========+===========+=========+
|       0 |         8 |     -16 |
+---------+-----------+---------+
|       1 |         1 |       0 |
+---------+-----------+---------+
|       2 |         0 |       4 |
+---------+-----------+---------+
|       3 |         0 |       5 |
+---------+-----------+---------+
|       4 |         0 |       1 |
+---------+-----------+---------+
|       5 |         0 |       6 |
+---------+-----------+---------+
|       6 |         0 |       0 |
+---------+-----------+---------+
|       7 |         0 |       0 |
+---------+-----------+---------+

Flot actuel :
+----+-----+-----+-----+-----+-----+-----+-----+-----+
|    |   0 |   1 |   2 |   3 |   4 |   5 |   6 |   7 |
+====+=====+=====+=====+=====+=====+=====+=====+=====+
|  0 |   0 |   7 |   4 |   5 |   0 |   0 |   0 |   0 |
+----+-----+-----+-----+-----+-----+-----+-----+-----+
|  1 |  -7 |   0 |   0 |   0 |   1 |   6 |   0 |   0 |
+----+-----+-----+-----+-----+-----+-----+-----+-----+
|  2 |  -4 |   0 |   0 |   0 |   0 |   0 |   0 |   0 |
+----+-----+-----+-----+-----+-----+-----+-----+-----+
|  3 |  -5 |   0 |   0 |   0 |   0 |   0 |   0 |   0 |
+----+-----+-----+-----+-----+-----+-----+-----+-----+
|  4 |   0 |  -1 |   0 |   0 |   0 |   0 |   0 |   0 |
+----+-----+-----+-----+-----+-----+-----+-----+-----+
|  5 |   0 |  -6 |   0 |   0 |   0 |   0 |   0 |   0 |
+----+-----+-----+-----+-----+-----+-----+-----+-----+
|  6 |   0 |   0 |   0 |   0 |   0 |   0 |   0 |   0 |
+----+-----+-----+-----+-----+-----+-----+-----+-----+
|  7 |   0 |   0 |   0 |   0 |   0 |   0 |   0 |   0 |
+----+-----+-----+-----+-----+-----+-----+-----+-----+
Reetiquetage du sommet 2
Nouvelle hauteur : 1

Itération : 3
+---------+-----------+---------+
|   Noeud |   Hauteur |   Excès |
+=========+===========+=========+
|       0 |         8 |     -16 |
+---------+-----------+---------+
|       1 |         1 |       0 |
+---------+-----------+---------+
|       2 |         1 |       4 |
+---------+-----------+---------+
|       3 |         0 |       5 |
+---------+-----------+---------+
|       4 |         0 |       1 |
+---------+-----------+---------+
|       5 |         0 |       6 |
+---------+-----------+---------+
|       6 |         0 |       0 |
+---------+-----------+---------+
|       7 |         0 |       0 |
+---------+-----------+---------+

Flot actuel :
+----+-----+-----+-----+-----+-----+-----+-----+-----+
|    |   0 |   1 |   2 |   3 |   4 |   5 |   6 |   7 |
+====+=====+=====+=====+=====+=====+=====+=====+=====+
|  0 |   0 |   7 |   4 |   5 |   0 |   0 |   0 |   0 |
+----+-----+-----+-----+-----+-----+-----+-----+-----+
|  1 |  -7 |   0 |   0 |   0 |   1 |   6 |   0 |   0 |
+----+-----+-----+-----+-----+-----+-----+-----+-----+
|  2 |  -4 |   0 |   0 |   0 |   0 |   0 |   0 |   0 |
+----+-----+-----+-----+-----+-----+-----+-----+-----+
|  3 |  -5 |   0 |   0 |   0 |   0 |   0 |   0 |   0 |
+----+-----+-----+-----+-----+-----+-----+-----+-----+
|  4 |   0 |  -1 |   0 |   0 |   0 |   0 |   0 |   0 |
+----+-----+-----+-----+-----+-----+-----+-----+-----+
|  5 |   0 |  -6 |   0 |   0 |   0 |   0 |   0 |   0 |
+----+-----+-----+-----+-----+-----+-----+-----+-----+
|  6 |   0 |   0 |   0 |   0 |   0 |   0 |   0 |   0 |
+----+-----+-----+-----+-----+-----+-----+-----+-----+
|  7 |   0 |   0 |   0 |   0 |   0 |   0 |   0 |   0 |
+----+-----+-----+-----+-----+-----+-----+-----+-----+
On pousse le flot du sommet 2 vers le sommet 5
Quantité de flot poussée : 4

Itération : 4
+---------+-----------+---------+
|   Noeud |   Hauteur |   Excès |
+=========+===========+=========+
|       0 |         8 |     -16 |
+---------+-----------+---------+
|       1 |         1 |       0 |
+---------+-----------+---------+
|       2 |         1 |       0 |
+---------+-----------+---------+
|       3 |         0 |       5 |
+---------+-----------+---------+
|       4 |         0 |       1 |
+---------+-----------+---------+
|       5 |         0 |      10 |
+---------+-----------+---------+
|       6 |         0 |       0 |
+---------+-----------+---------+
|       7 |         0 |       0 |
+---------+-----------+---------+

Flot actuel :
+----+-----+-----+-----+-----+-----+-----+-----+-----+
|    |   0 |   1 |   2 |   3 |   4 |   5 |   6 |   7 |
+====+=====+=====+=====+=====+=====+=====+=====+=====+
|  0 |   0 |   7 |   4 |   5 |   0 |   0 |   0 |   0 |
+----+-----+-----+-----+-----+-----+-----+-----+-----+
|  1 |  -7 |   0 |   0 |   0 |   1 |   6 |   0 |   0 |
+----+-----+-----+-----+-----+-----+-----+-----+-----+
|  2 |  -4 |   0 |   0 |   0 |   0 |   4 |   0 |   0 |
+----+-----+-----+-----+-----+-----+-----+-----+-----+
|  3 |  -5 |   0 |   0 |   0 |   0 |   0 |   0 |   0 |
+----+-----+-----+-----+-----+-----+-----+-----+-----+
|  4 |   0 |  -1 |   0 |   0 |   0 |   0 |   0 |   0 |
+----+-----+-----+-----+-----+-----+-----+-----+-----+
|  5 |   0 |  -6 |  -4 |   0 |   0 |   0 |   0 |   0 |
+----+-----+-----+-----+-----+-----+-----+-----+-----+
|  6 |   0 |   0 |   0 |   0 |   0 |   0 |   0 |   0 |
+----+-----+-----+-----+-----+-----+-----+-----+-----+
|  7 |   0 |   0 |   0 |   0 |   0 |   0 |   0 |   0 |
+----+-----+-----+-----+-----+-----+-----+-----+-----+
Reetiquetage du sommet 3
Nouvelle hauteur : 1

Itération : 5
+---------+-----------+---------+
|   Noeud |   Hauteur |   Excès |
+=========+===========+=========+
|       0 |         8 |     -16 |
+---------+-----------+---------+
|       1 |         1 |       0 |
+---------+-----------+---------+
|       2 |         1 |       0 |
+---------+-----------+---------+
|       3 |         1 |       5 |
+---------+-----------+---------+
|       4 |         0 |       1 |
+---------+-----------+---------+
|       5 |         0 |      10 |
+---------+-----------+---------+
|       6 |         0 |       0 |
+---------+-----------+---------+
|       7 |         0 |       0 |
+---------+-----------+---------+

Flot actuel :
+----+-----+-----+-----+-----+-----+-----+-----+-----+
|    |   0 |   1 |   2 |   3 |   4 |   5 |   6 |   7 |
+====+=====+=====+=====+=====+=====+=====+=====+=====+
|  0 |   0 |   7 |   4 |   5 |   0 |   0 |   0 |   0 |
+----+-----+-----+-----+-----+-----+-----+-----+-----+
|  1 |  -7 |   0 |   0 |   0 |   1 |   6 |   0 |   0 |
+----+-----+-----+-----+-----+-----+-----+-----+-----+
|  2 |  -4 |   0 |   0 |   0 |   0 |   4 |   0 |   0 |
+----+-----+-----+-----+-----+-----+-----+-----+-----+
|  3 |  -5 |   0 |   0 |   0 |   0 |   0 |   0 |   0 |
+----+-----+-----+-----+-----+-----+-----+-----+-----+
|  4 |   0 |  -1 |   0 |   0 |   0 |   0 |   0 |   0 |
+----+-----+-----+-----+-----+-----+-----+-----+-----+
|  5 |   0 |  -6 |  -4 |   0 |   0 |   0 |   0 |   0 |
+----+-----+-----+-----+-----+-----+-----+-----+-----+
|  6 |   0 |   0 |   0 |   0 |   0 |   0 |   0 |   0 |
+----+-----+-----+-----+-----+-----+-----+-----+-----+
|  7 |   0 |   0 |   0 |   0 |   0 |   0 |   0 |   0 |
+----+-----+-----+-----+-----+-----+-----+-----+-----+
On pousse le flot du sommet 3 vers le sommet 6
Quantité de flot poussée : 2
On pousse le flot du sommet 3 vers le sommet 7
Quantité de flot poussée : 3

Itération : 6
+---------+-----------+---------+
|   Noeud |   Hauteur |   Excès |
+=========+===========+=========+
|       0 |         8 |     -16 |
+---------+-----------+---------+
|       1 |         1 |       0 |
+---------+-----------+---------+
|       2 |         1 |       0 |
+---------+-----------+---------+
|       3 |         1 |       0 |
+---------+-----------+---------+
|       4 |         0 |       1 |
+---------+-----------+---------+
|       5 |         0 |      10 |
+---------+-----------+---------+
|       6 |         0 |       2 |
+---------+-----------+---------+
|       7 |         0 |       3 |
+---------+-----------+---------+

Flot actuel :
+----+-----+-----+-----+-----+-----+-----+-----+-----+
|    |   0 |   1 |   2 |   3 |   4 |   5 |   6 |   7 |
+====+=====+=====+=====+=====+=====+=====+=====+=====+
|  0 |   0 |   7 |   4 |   5 |   0 |   0 |   0 |   0 |
+----+-----+-----+-----+-----+-----+-----+-----+-----+
|  1 |  -7 |   0 |   0 |   0 |   1 |   6 |   0 |   0 |
+----+-----+-----+-----+-----+-----+-----+-----+-----+
|  2 |  -4 |   0 |   0 |   0 |   0 |   4 |   0 |   0 |
+----+-----+-----+-----+-----+-----+-----+-----+-----+
|  3 |  -5 |   0 |   0 |   0 |   0 |   0 |   2 |   3 |
+----+-----+-----+-----+-----+-----+-----+-----+-----+
|  4 |   0 |  -1 |   0 |   0 |   0 |   0 |   0 |   0 |
+----+-----+-----+-----+-----+-----+-----+-----+-----+
|  5 |   0 |  -6 |  -4 |   0 |   0 |   0 |   0 |   0 |
+----+-----+-----+-----+-----+-----+-----+-----+-----+
|  6 |   0 |   0 |   0 |  -2 |   0 |   0 |   0 |   0 |
+----+-----+-----+-----+-----+-----+-----+-----+-----+
|  7 |   0 |   0 |   0 |  -3 |   0 |   0 |   0 |   0 |
+----+-----+-----+-----+-----+-----+-----+-----+-----+
Reetiquetage du sommet 4
Nouvelle hauteur : 1

Itération : 7
+---------+-----------+---------+
|   Noeud |   Hauteur |   Excès |
+=========+===========+=========+
|       0 |         8 |     -16 |
+---------+-----------+---------+
|       1 |         1 |       0 |
+---------+-----------+---------+
|       2 |         1 |       0 |
+---------+-----------+---------+
|       3 |         1 |       0 |
+---------+-----------+---------+
|       4 |         1 |       1 |
+---------+-----------+---------+
|       5 |         0 |      10 |
+---------+-----------+---------+
|       6 |         0 |       2 |
+---------+-----------+---------+
|       7 |         0 |       3 |
+---------+-----------+---------+

Flot actuel :
+----+-----+-----+-----+-----+-----+-----+-----+-----+
|    |   0 |   1 |   2 |   3 |   4 |   5 |   6 |   7 |
+====+=====+=====+=====+=====+=====+=====+=====+=====+
|  0 |   0 |   7 |   4 |   5 |   0 |   0 |   0 |   0 |
+----+-----+-----+-----+-----+-----+-----+-----+-----+
|  1 |  -7 |   0 |   0 |   0 |   1 |   6 |   0 |   0 |
+----+-----+-----+-----+-----+-----+-----+-----+-----+
|  2 |  -4 |   0 |   0 |   0 |   0 |   4 |   0 |   0 |
+----+-----+-----+-----+-----+-----+-----+-----+-----+
|  3 |  -5 |   0 |   0 |   0 |   0 |   0 |   2 |   3 |
+----+-----+-----+-----+-----+-----+-----+-----+-----+
|  4 |   0 |  -1 |   0 |   0 |   0 |   0 |   0 |   0 |
+----+-----+-----+-----+-----+-----+-----+-----+-----+
|  5 |   0 |  -6 |  -4 |   0 |   0 |   0 |   0 |   0 |
+----+-----+-----+-----+-----+-----+-----+-----+-----+
|  6 |   0 |   0 |   0 |  -2 |   0 |   0 |   0 |   0 |
+----+-----+-----+-----+-----+-----+-----+-----+-----+
|  7 |   0 |   0 |   0 |  -3 |   0 |   0 |   0 |   0 |
+----+-----+-----+-----+-----+-----+-----+-----+-----+
On pousse le flot du sommet 4 vers le sommet 7
Quantité de flot poussée : 1

Itération : 8
+---------+-----------+---------+
|   Noeud |   Hauteur |   Excès |
+=========+===========+=========+
|       0 |         8 |     -16 |
+---------+-----------+---------+
|       1 |         1 |       0 |
+---------+-----------+---------+
|       2 |         1 |       0 |
+---------+-----------+---------+
|       3 |         1 |       0 |
+---------+-----------+---------+
|       4 |         1 |       0 |
+---------+-----------+---------+
|       5 |         0 |      10 |
+---------+-----------+---------+
|       6 |         0 |       2 |
+---------+-----------+---------+
|       7 |         0 |       4 |
+---------+-----------+---------+

Flot actuel :
+----+-----+-----+-----+-----+-----+-----+-----+-----+
|    |   0 |   1 |   2 |   3 |   4 |   5 |   6 |   7 |
+====+=====+=====+=====+=====+=====+=====+=====+=====+
|  0 |   0 |   7 |   4 |   5 |   0 |   0 |   0 |   0 |
+----+-----+-----+-----+-----+-----+-----+-----+-----+
|  1 |  -7 |   0 |   0 |   0 |   1 |   6 |   0 |   0 |
+----+-----+-----+-----+-----+-----+-----+-----+-----+
|  2 |  -4 |   0 |   0 |   0 |   0 |   4 |   0 |   0 |
+----+-----+-----+-----+-----+-----+-----+-----+-----+
|  3 |  -5 |   0 |   0 |   0 |   0 |   0 |   2 |   3 |
+----+-----+-----+-----+-----+-----+-----+-----+-----+
|  4 |   0 |  -1 |   0 |   0 |   0 |   0 |   0 |   1 |
+----+-----+-----+-----+-----+-----+-----+-----+-----+
|  5 |   0 |  -6 |  -4 |   0 |   0 |   0 |   0 |   0 |
+----+-----+-----+-----+-----+-----+-----+-----+-----+
|  6 |   0 |   0 |   0 |  -2 |   0 |   0 |   0 |   0 |
+----+-----+-----+-----+-----+-----+-----+-----+-----+
|  7 |   0 |   0 |   0 |  -3 |  -1 |   0 |   0 |   0 |
+----+-----+-----+-----+-----+-----+-----+-----+-----+
Reetiquetage du sommet 5
Nouvelle hauteur : 1

Itération : 9
+---------+-----------+---------+
|   Noeud |   Hauteur |   Excès |
+=========+===========+=========+
|       0 |         8 |     -16 |
+---------+-----------+---------+
|       1 |         1 |       0 |
+---------+-----------+---------+
|       2 |         1 |       0 |
+---------+-----------+---------+
|       3 |         1 |       0 |
+---------+-----------+---------+
|       4 |         1 |       0 |
+---------+-----------+---------+
|       5 |         1 |      10 |
+---------+-----------+---------+
|       6 |         0 |       2 |
+---------+-----------+---------+
|       7 |         0 |       4 |
+---------+-----------+---------+

Flot actuel :
+----+-----+-----+-----+-----+-----+-----+-----+-----+
|    |   0 |   1 |   2 |   3 |   4 |   5 |   6 |   7 |
+====+=====+=====+=====+=====+=====+=====+=====+=====+
|  0 |   0 |   7 |   4 |   5 |   0 |   0 |   0 |   0 |
+----+-----+-----+-----+-----+-----+-----+-----+-----+
|  1 |  -7 |   0 |   0 |   0 |   1 |   6 |   0 |   0 |
+----+-----+-----+-----+-----+-----+-----+-----+-----+
|  2 |  -4 |   0 |   0 |   0 |   0 |   4 |   0 |   0 |
+----+-----+-----+-----+-----+-----+-----+-----+-----+
|  3 |  -5 |   0 |   0 |   0 |   0 |   0 |   2 |   3 |
+----+-----+-----+-----+-----+-----+-----+-----+-----+
|  4 |   0 |  -1 |   0 |   0 |   0 |   0 |   0 |   1 |
+----+-----+-----+-----+-----+-----+-----+-----+-----+
|  5 |   0 |  -6 |  -4 |   0 |   0 |   0 |   0 |   0 |
+----+-----+-----+-----+-----+-----+-----+-----+-----+
|  6 |   0 |   0 |   0 |  -2 |   0 |   0 |   0 |   0 |
+----+-----+-----+-----+-----+-----+-----+-----+-----+
|  7 |   0 |   0 |   0 |  -3 |  -1 |   0 |   0 |   0 |
+----+-----+-----+-----+-----+-----+-----+-----+-----+
On pousse le flot du sommet 5 vers le sommet 7
Quantité de flot poussée : 8

Itération : 10
+---------+-----------+---------+
|   Noeud |   Hauteur |   Excès |
+=========+===========+=========+
|       0 |         8 |     -16 |
+---------+-----------+---------+
|       1 |         1 |       0 |
+---------+-----------+---------+
|       2 |         1 |       0 |
+---------+-----------+---------+
|       3 |         1 |       0 |
+---------+-----------+---------+
|       4 |         1 |       0 |
+---------+-----------+---------+
|       5 |         1 |       2 |
+---------+-----------+---------+
|       6 |         0 |       2 |
+---------+-----------+---------+
|       7 |         0 |      12 |
+---------+-----------+---------+

Flot actuel :
+----+-----+-----+-----+-----+-----+-----+-----+-----+
|    |   0 |   1 |   2 |   3 |   4 |   5 |   6 |   7 |
+====+=====+=====+=====+=====+=====+=====+=====+=====+
|  0 |   0 |   7 |   4 |   5 |   0 |   0 |   0 |   0 |
+----+-----+-----+-----+-----+-----+-----+-----+-----+
|  1 |  -7 |   0 |   0 |   0 |   1 |   6 |   0 |   0 |
+----+-----+-----+-----+-----+-----+-----+-----+-----+
|  2 |  -4 |   0 |   0 |   0 |   0 |   4 |   0 |   0 |
+----+-----+-----+-----+-----+-----+-----+-----+-----+
|  3 |  -5 |   0 |   0 |   0 |   0 |   0 |   2 |   3 |
+----+-----+-----+-----+-----+-----+-----+-----+-----+
|  4 |   0 |  -1 |   0 |   0 |   0 |   0 |   0 |   1 |
+----+-----+-----+-----+-----+-----+-----+-----+-----+
|  5 |   0 |  -6 |  -4 |   0 |   0 |   0 |   0 |   8 |
+----+-----+-----+-----+-----+-----+-----+-----+-----+
|  6 |   0 |   0 |   0 |  -2 |   0 |   0 |   0 |   0 |
+----+-----+-----+-----+-----+-----+-----+-----+-----+
|  7 |   0 |   0 |   0 |  -3 |  -1 |  -8 |   0 |   0 |
+----+-----+-----+-----+-----+-----+-----+-----+-----+
Reetiquetage du sommet 5
Nouvelle hauteur : 2

Itération : 11
+---------+-----------+---------+
|   Noeud |   Hauteur |   Excès |
+=========+===========+=========+
|       0 |         8 |     -16 |
+---------+-----------+---------+
|       1 |         1 |       0 |
+---------+-----------+---------+
|       2 |         1 |       0 |
+---------+-----------+---------+
|       3 |         1 |       0 |
+---------+-----------+---------+
|       4 |         1 |       0 |
+---------+-----------+---------+
|       5 |         2 |       2 |
+---------+-----------+---------+
|       6 |         0 |       2 |
+---------+-----------+---------+
|       7 |         0 |      12 |
+---------+-----------+---------+

Flot actuel :
+----+-----+-----+-----+-----+-----+-----+-----+-----+
|    |   0 |   1 |   2 |   3 |   4 |   5 |   6 |   7 |
+====+=====+=====+=====+=====+=====+=====+=====+=====+
|  0 |   0 |   7 |   4 |   5 |   0 |   0 |   0 |   0 |
+----+-----+-----+-----+-----+-----+-----+-----+-----+
|  1 |  -7 |   0 |   0 |   0 |   1 |   6 |   0 |   0 |
+----+-----+-----+-----+-----+-----+-----+-----+-----+
|  2 |  -4 |   0 |   0 |   0 |   0 |   4 |   0 |   0 |
+----+-----+-----+-----+-----+-----+-----+-----+-----+
|  3 |  -5 |   0 |   0 |   0 |   0 |   0 |   2 |   3 |
+----+-----+-----+-----+-----+-----+-----+-----+-----+
|  4 |   0 |  -1 |   0 |   0 |   0 |   0 |   0 |   1 |
+----+-----+-----+-----+-----+-----+-----+-----+-----+
|  5 |   0 |  -6 |  -4 |   0 |   0 |   0 |   0 |   8 |
+----+-----+-----+-----+-----+-----+-----+-----+-----+
|  6 |   0 |   0 |   0 |  -2 |   0 |   0 |   0 |   0 |
+----+-----+-----+-----+-----+-----+-----+-----+-----+
|  7 |   0 |   0 |   0 |  -3 |  -1 |  -8 |   0 |   0 |
+----+-----+-----+-----+-----+-----+-----+-----+-----+
On pousse le flot du sommet 5 vers le sommet 1
Quantité de flot poussée : 2

Itération : 12
+---------+-----------+---------+
|   Noeud |   Hauteur |   Excès |
+=========+===========+=========+
|       0 |         8 |     -16 |
+---------+-----------+---------+
|       1 |         1 |       2 |
+---------+-----------+---------+
|       2 |         1 |       0 |
+---------+-----------+---------+
|       3 |         1 |       0 |
+---------+-----------+---------+
|       4 |         1 |       0 |
+---------+-----------+---------+
|       5 |         2 |       0 |
+---------+-----------+---------+
|       6 |         0 |       2 |
+---------+-----------+---------+
|       7 |         0 |      12 |
+---------+-----------+---------+

Flot actuel :
+----+-----+-----+-----+-----+-----+-----+-----+-----+
|    |   0 |   1 |   2 |   3 |   4 |   5 |   6 |   7 |
+====+=====+=====+=====+=====+=====+=====+=====+=====+
|  0 |   0 |   7 |   4 |   5 |   0 |   0 |   0 |   0 |
+----+-----+-----+-----+-----+-----+-----+-----+-----+
|  1 |  -7 |   0 |   0 |   0 |   1 |   4 |   0 |   0 |
+----+-----+-----+-----+-----+-----+-----+-----+-----+
|  2 |  -4 |   0 |   0 |   0 |   0 |   4 |   0 |   0 |
+----+-----+-----+-----+-----+-----+-----+-----+-----+
|  3 |  -5 |   0 |   0 |   0 |   0 |   0 |   2 |   3 |
+----+-----+-----+-----+-----+-----+-----+-----+-----+
|  4 |   0 |  -1 |   0 |   0 |   0 |   0 |   0 |   1 |
+----+-----+-----+-----+-----+-----+-----+-----+-----+
|  5 |   0 |  -4 |  -4 |   0 |   0 |   0 |   0 |   8 |
+----+-----+-----+-----+-----+-----+-----+-----+-----+
|  6 |   0 |   0 |   0 |  -2 |   0 |   0 |   0 |   0 |
+----+-----+-----+-----+-----+-----+-----+-----+-----+
|  7 |   0 |   0 |   0 |  -3 |  -1 |  -8 |   0 |   0 |
+----+-----+-----+-----+-----+-----+-----+-----+-----+
Reetiquetage du sommet 6
Nouvelle hauteur : 1

Itération : 13
+---------+-----------+---------+
|   Noeud |   Hauteur |   Excès |
+=========+===========+=========+
|       0 |         8 |     -16 |
+---------+-----------+---------+
|       1 |         1 |       2 |
+---------+-----------+---------+
|       2 |         1 |       0 |
+---------+-----------+---------+
|       3 |         1 |       0 |
+---------+-----------+---------+
|       4 |         1 |       0 |
+---------+-----------+---------+
|       5 |         2 |       0 |
+---------+-----------+---------+
|       6 |         1 |       2 |
+---------+-----------+---------+
|       7 |         0 |      12 |
+---------+-----------+---------+

Flot actuel :
+----+-----+-----+-----+-----+-----+-----+-----+-----+
|    |   0 |   1 |   2 |   3 |   4 |   5 |   6 |   7 |
+====+=====+=====+=====+=====+=====+=====+=====+=====+
|  0 |   0 |   7 |   4 |   5 |   0 |   0 |   0 |   0 |
+----+-----+-----+-----+-----+-----+-----+-----+-----+
|  1 |  -7 |   0 |   0 |   0 |   1 |   4 |   0 |   0 |
+----+-----+-----+-----+-----+-----+-----+-----+-----+
|  2 |  -4 |   0 |   0 |   0 |   0 |   4 |   0 |   0 |
+----+-----+-----+-----+-----+-----+-----+-----+-----+
|  3 |  -5 |   0 |   0 |   0 |   0 |   0 |   2 |   3 |
+----+-----+-----+-----+-----+-----+-----+-----+-----+
|  4 |   0 |  -1 |   0 |   0 |   0 |   0 |   0 |   1 |
+----+-----+-----+-----+-----+-----+-----+-----+-----+
|  5 |   0 |  -4 |  -4 |   0 |   0 |   0 |   0 |   8 |
+----+-----+-----+-----+-----+-----+-----+-----+-----+
|  6 |   0 |   0 |   0 |  -2 |   0 |   0 |   0 |   0 |
+----+-----+-----+-----+-----+-----+-----+-----+-----+
|  7 |   0 |   0 |   0 |  -3 |  -1 |  -8 |   0 |   0 |
+----+-----+-----+-----+-----+-----+-----+-----+-----+
On pousse le flot du sommet 6 vers le sommet 7
Quantité de flot poussée : 1

Itération : 14
+---------+-----------+---------+
|   Noeud |   Hauteur |   Excès |
+=========+===========+=========+
|       0 |         8 |     -16 |
+---------+-----------+---------+
|       1 |         1 |       2 |
+---------+-----------+---------+
|       2 |         1 |       0 |
+---------+-----------+---------+
|       3 |         1 |       0 |
+---------+-----------+---------+
|       4 |         1 |       0 |
+---------+-----------+---------+
|       5 |         2 |       0 |
+---------+-----------+---------+
|       6 |         1 |       1 |
+---------+-----------+---------+
|       7 |         0 |      13 |
+---------+-----------+---------+

Flot actuel :
+----+-----+-----+-----+-----+-----+-----+-----+-----+
|    |   0 |   1 |   2 |   3 |   4 |   5 |   6 |   7 |
+====+=====+=====+=====+=====+=====+=====+=====+=====+
|  0 |   0 |   7 |   4 |   5 |   0 |   0 |   0 |   0 |
+----+-----+-----+-----+-----+-----+-----+-----+-----+
|  1 |  -7 |   0 |   0 |   0 |   1 |   4 |   0 |   0 |
+----+-----+-----+-----+-----+-----+-----+-----+-----+
|  2 |  -4 |   0 |   0 |   0 |   0 |   4 |   0 |   0 |
+----+-----+-----+-----+-----+-----+-----+-----+-----+
|  3 |  -5 |   0 |   0 |   0 |   0 |   0 |   2 |   3 |
+----+-----+-----+-----+-----+-----+-----+-----+-----+
|  4 |   0 |  -1 |   0 |   0 |   0 |   0 |   0 |   1 |
+----+-----+-----+-----+-----+-----+-----+-----+-----+
|  5 |   0 |  -4 |  -4 |   0 |   0 |   0 |   0 |   8 |
+----+-----+-----+-----+-----+-----+-----+-----+-----+
|  6 |   0 |   0 |   0 |  -2 |   0 |   0 |   0 |   1 |
+----+-----+-----+-----+-----+-----+-----+-----+-----+
|  7 |   0 |   0 |   0 |  -3 |  -1 |  -8 |  -1 |   0 |
+----+-----+-----+-----+-----+-----+-----+-----+-----+
Reetiquetage du sommet 6
Nouvelle hauteur : 2

Itération : 15
+---------+-----------+---------+
|   Noeud |   Hauteur |   Excès |
+=========+===========+=========+
|       0 |         8 |     -16 |
+---------+-----------+---------+
|       1 |         1 |       2 |
+---------+-----------+---------+
|       2 |         1 |       0 |
+---------+-----------+---------+
|       3 |         1 |       0 |
+---------+-----------+---------+
|       4 |         1 |       0 |
+---------+-----------+---------+
|       5 |         2 |       0 |
+---------+-----------+---------+
|       6 |         2 |       1 |
+---------+-----------+---------+
|       7 |         0 |      13 |
+---------+-----------+---------+

Flot actuel :
+----+-----+-----+-----+-----+-----+-----+-----+-----+
|    |   0 |   1 |   2 |   3 |   4 |   5 |   6 |   7 |
+====+=====+=====+=====+=====+=====+=====+=====+=====+
|  0 |   0 |   7 |   4 |   5 |   0 |   0 |   0 |   0 |
+----+-----+-----+-----+-----+-----+-----+-----+-----+
|  1 |  -7 |   0 |   0 |   0 |   1 |   4 |   0 |   0 |
+----+-----+-----+-----+-----+-----+-----+-----+-----+
|  2 |  -4 |   0 |   0 |   0 |   0 |   4 |   0 |   0 |
+----+-----+-----+-----+-----+-----+-----+-----+-----+
|  3 |  -5 |   0 |   0 |   0 |   0 |   0 |   2 |   3 |
+----+-----+-----+-----+-----+-----+-----+-----+-----+
|  4 |   0 |  -1 |   0 |   0 |   0 |   0 |   0 |   1 |
+----+-----+-----+-----+-----+-----+-----+-----+-----+
|  5 |   0 |  -4 |  -4 |   0 |   0 |   0 |   0 |   8 |
+----+-----+-----+-----+-----+-----+-----+-----+-----+
|  6 |   0 |   0 |   0 |  -2 |   0 |   0 |   0 |   1 |
+----+-----+-----+-----+-----+-----+-----+-----+-----+
|  7 |   0 |   0 |   0 |  -3 |  -1 |  -8 |  -1 |   0 |
+----+-----+-----+-----+-----+-----+-----+-----+-----+
On pousse le flot du sommet 6 vers le sommet 3
Quantité de flot poussée : 1

Itération : 16
+---------+-----------+---------+
|   Noeud |   Hauteur |   Excès |
+=========+===========+=========+
|       0 |         8 |     -16 |
+---------+-----------+---------+
|       1 |         1 |       2 |
+---------+-----------+---------+
|       2 |         1 |       0 |
+---------+-----------+---------+
|       3 |         1 |       1 |
+---------+-----------+---------+
|       4 |         1 |       0 |
+---------+-----------+---------+
|       5 |         2 |       0 |
+---------+-----------+---------+
|       6 |         2 |       0 |
+---------+-----------+---------+
|       7 |         0 |      13 |
+---------+-----------+---------+

Flot actuel :
+----+-----+-----+-----+-----+-----+-----+-----+-----+
|    |   0 |   1 |   2 |   3 |   4 |   5 |   6 |   7 |
+====+=====+=====+=====+=====+=====+=====+=====+=====+
|  0 |   0 |   7 |   4 |   5 |   0 |   0 |   0 |   0 |
+----+-----+-----+-----+-----+-----+-----+-----+-----+
|  1 |  -7 |   0 |   0 |   0 |   1 |   4 |   0 |   0 |
+----+-----+-----+-----+-----+-----+-----+-----+-----+
|  2 |  -4 |   0 |   0 |   0 |   0 |   4 |   0 |   0 |
+----+-----+-----+-----+-----+-----+-----+-----+-----+
|  3 |  -5 |   0 |   0 |   0 |   0 |   0 |   1 |   3 |
+----+-----+-----+-----+-----+-----+-----+-----+-----+
|  4 |   0 |  -1 |   0 |   0 |   0 |   0 |   0 |   1 |
+----+-----+-----+-----+-----+-----+-----+-----+-----+
|  5 |   0 |  -4 |  -4 |   0 |   0 |   0 |   0 |   8 |
+----+-----+-----+-----+-----+-----+-----+-----+-----+
|  6 |   0 |   0 |   0 |  -1 |   0 |   0 |   0 |   1 |
+----+-----+-----+-----+-----+-----+-----+-----+-----+
|  7 |   0 |   0 |   0 |  -3 |  -1 |  -8 |  -1 |   0 |
+----+-----+-----+-----+-----+-----+-----+-----+-----+
Reetiquetage du sommet 1
Nouvelle hauteur : 3

Itération : 17
+---------+-----------+---------+
|   Noeud |   Hauteur |   Excès |
+=========+===========+=========+
|       0 |         8 |     -16 |
+---------+-----------+---------+
|       1 |         3 |       2 |
+---------+-----------+---------+
|       2 |         1 |       0 |
+---------+-----------+---------+
|       3 |         1 |       1 |
+---------+-----------+---------+
|       4 |         1 |       0 |
+---------+-----------+---------+
|       5 |         2 |       0 |
+---------+-----------+---------+
|       6 |         2 |       0 |
+---------+-----------+---------+
|       7 |         0 |      13 |
+---------+-----------+---------+

Flot actuel :
+----+-----+-----+-----+-----+-----+-----+-----+-----+
|    |   0 |   1 |   2 |   3 |   4 |   5 |   6 |   7 |
+====+=====+=====+=====+=====+=====+=====+=====+=====+
|  0 |   0 |   7 |   4 |   5 |   0 |   0 |   0 |   0 |
+----+-----+-----+-----+-----+-----+-----+-----+-----+
|  1 |  -7 |   0 |   0 |   0 |   1 |   4 |   0 |   0 |
+----+-----+-----+-----+-----+-----+-----+-----+-----+
|  2 |  -4 |   0 |   0 |   0 |   0 |   4 |   0 |   0 |
+----+-----+-----+-----+-----+-----+-----+-----+-----+
|  3 |  -5 |   0 |   0 |   0 |   0 |   0 |   1 |   3 |
+----+-----+-----+-----+-----+-----+-----+-----+-----+
|  4 |   0 |  -1 |   0 |   0 |   0 |   0 |   0 |   1 |
+----+-----+-----+-----+-----+-----+-----+-----+-----+
|  5 |   0 |  -4 |  -4 |   0 |   0 |   0 |   0 |   8 |
+----+-----+-----+-----+-----+-----+-----+-----+-----+
|  6 |   0 |   0 |   0 |  -1 |   0 |   0 |   0 |   1 |
+----+-----+-----+-----+-----+-----+-----+-----+-----+
|  7 |   0 |   0 |   0 |  -3 |  -1 |  -8 |  -1 |   0 |
+----+-----+-----+-----+-----+-----+-----+-----+-----+
On pousse le flot du sommet 1 vers le sommet 5
Quantité de flot poussée : 2

Itération : 18
+---------+-----------+---------+
|   Noeud |   Hauteur |   Excès |
+=========+===========+=========+
|       0 |         8 |     -16 |
+---------+-----------+---------+
|       1 |         3 |       0 |
+---------+-----------+---------+
|       2 |         1 |       0 |
+---------+-----------+---------+
|       3 |         1 |       1 |
+---------+-----------+---------+
|       4 |         1 |       0 |
+---------+-----------+---------+
|       5 |         2 |       2 |
+---------+-----------+---------+
|       6 |         2 |       0 |
+---------+-----------+---------+
|       7 |         0 |      13 |
+---------+-----------+---------+

Flot actuel :
+----+-----+-----+-----+-----+-----+-----+-----+-----+
|    |   0 |   1 |   2 |   3 |   4 |   5 |   6 |   7 |
+====+=====+=====+=====+=====+=====+=====+=====+=====+
|  0 |   0 |   7 |   4 |   5 |   0 |   0 |   0 |   0 |
+----+-----+-----+-----+-----+-----+-----+-----+-----+
|  1 |  -7 |   0 |   0 |   0 |   1 |   6 |   0 |   0 |
+----+-----+-----+-----+-----+-----+-----+-----+-----+
|  2 |  -4 |   0 |   0 |   0 |   0 |   4 |   0 |   0 |
+----+-----+-----+-----+-----+-----+-----+-----+-----+
|  3 |  -5 |   0 |   0 |   0 |   0 |   0 |   1 |   3 |
+----+-----+-----+-----+-----+-----+-----+-----+-----+
|  4 |   0 |  -1 |   0 |   0 |   0 |   0 |   0 |   1 |
+----+-----+-----+-----+-----+-----+-----+-----+-----+
|  5 |   0 |  -6 |  -4 |   0 |   0 |   0 |   0 |   8 |
+----+-----+-----+-----+-----+-----+-----+-----+-----+
|  6 |   0 |   0 |   0 |  -1 |   0 |   0 |   0 |   1 |
+----+-----+-----+-----+-----+-----+-----+-----+-----+
|  7 |   0 |   0 |   0 |  -3 |  -1 |  -8 |  -1 |   0 |
+----+-----+-----+-----+-----+-----+-----+-----+-----+
On pousse le flot du sommet 3 vers le sommet 7
Quantité de flot poussée : 1

Itération : 19
+---------+-----------+---------+
|   Noeud |   Hauteur |   Excès |
+=========+===========+=========+
|       0 |         8 |     -16 |
+---------+-----------+---------+
|       1 |         3 |       0 |
+---------+-----------+---------+
|       2 |         1 |       0 |
+---------+-----------+---------+
|       3 |         1 |       0 |
+---------+-----------+---------+
|       4 |         1 |       0 |
+---------+-----------+---------+
|       5 |         2 |       2 |
+---------+-----------+---------+
|       6 |         2 |       0 |
+---------+-----------+---------+
|       7 |         0 |      14 |
+---------+-----------+---------+

Flot actuel :
+----+-----+-----+-----+-----+-----+-----+-----+-----+
|    |   0 |   1 |   2 |   3 |   4 |   5 |   6 |   7 |
+====+=====+=====+=====+=====+=====+=====+=====+=====+
|  0 |   0 |   7 |   4 |   5 |   0 |   0 |   0 |   0 |
+----+-----+-----+-----+-----+-----+-----+-----+-----+
|  1 |  -7 |   0 |   0 |   0 |   1 |   6 |   0 |   0 |
+----+-----+-----+-----+-----+-----+-----+-----+-----+
|  2 |  -4 |   0 |   0 |   0 |   0 |   4 |   0 |   0 |
+----+-----+-----+-----+-----+-----+-----+-----+-----+
|  3 |  -5 |   0 |   0 |   0 |   0 |   0 |   1 |   4 |
+----+-----+-----+-----+-----+-----+-----+-----+-----+
|  4 |   0 |  -1 |   0 |   0 |   0 |   0 |   0 |   1 |
+----+-----+-----+-----+-----+-----+-----+-----+-----+
|  5 |   0 |  -6 |  -4 |   0 |   0 |   0 |   0 |   8 |
+----+-----+-----+-----+-----+-----+-----+-----+-----+
|  6 |   0 |   0 |   0 |  -1 |   0 |   0 |   0 |   1 |
+----+-----+-----+-----+-----+-----+-----+-----+-----+
|  7 |   0 |   0 |   0 |  -4 |  -1 |  -8 |  -1 |   0 |
+----+-----+-----+-----+-----+-----+-----+-----+-----+
On pousse le flot du sommet 5 vers le sommet 2
Quantité de flot poussée : 2

Itération : 20
+---------+-----------+---------+
|   Noeud |   Hauteur |   Excès |
+=========+===========+=========+
|       0 |         8 |     -16 |
+---------+-----------+---------+
|       1 |         3 |       0 |
+---------+-----------+---------+
|       2 |         1 |       2 |
+---------+-----------+---------+
|       3 |         1 |       0 |
+---------+-----------+---------+
|       4 |         1 |       0 |
+---------+-----------+---------+
|       5 |         2 |       0 |
+---------+-----------+---------+
|       6 |         2 |       0 |
+---------+-----------+---------+
|       7 |         0 |      14 |
+---------+-----------+---------+

Flot actuel :
+----+-----+-----+-----+-----+-----+-----+-----+-----+
|    |   0 |   1 |   2 |   3 |   4 |   5 |   6 |   7 |
+====+=====+=====+=====+=====+=====+=====+=====+=====+
|  0 |   0 |   7 |   4 |   5 |   0 |   0 |   0 |   0 |
+----+-----+-----+-----+-----+-----+-----+-----+-----+
|  1 |  -7 |   0 |   0 |   0 |   1 |   6 |   0 |   0 |
+----+-----+-----+-----+-----+-----+-----+-----+-----+
|  2 |  -4 |   0 |   0 |   0 |   0 |   2 |   0 |   0 |
+----+-----+-----+-----+-----+-----+-----+-----+-----+
|  3 |  -5 |   0 |   0 |   0 |   0 |   0 |   1 |   4 |
+----+-----+-----+-----+-----+-----+-----+-----+-----+
|  4 |   0 |  -1 |   0 |   0 |   0 |   0 |   0 |   1 |
+----+-----+-----+-----+-----+-----+-----+-----+-----+
|  5 |   0 |  -6 |  -2 |   0 |   0 |   0 |   0 |   8 |
+----+-----+-----+-----+-----+-----+-----+-----+-----+
|  6 |   0 |   0 |   0 |  -1 |   0 |   0 |   0 |   1 |
+----+-----+-----+-----+-----+-----+-----+-----+-----+
|  7 |   0 |   0 |   0 |  -4 |  -1 |  -8 |  -1 |   0 |
+----+-----+-----+-----+-----+-----+-----+-----+-----+
Reetiquetage du sommet 2
Nouvelle hauteur : 3

Itération : 21
+---------+-----------+---------+
|   Noeud |   Hauteur |   Excès |
+=========+===========+=========+
|       0 |         8 |     -16 |
+---------+-----------+---------+
|       1 |         3 |       0 |
+---------+-----------+---------+
|       2 |         3 |       2 |
+---------+-----------+---------+
|       3 |         1 |       0 |
+---------+-----------+---------+
|       4 |         1 |       0 |
+---------+-----------+---------+
|       5 |         2 |       0 |
+---------+-----------+---------+
|       6 |         2 |       0 |
+---------+-----------+---------+
|       7 |         0 |      14 |
+---------+-----------+---------+

Flot actuel :
+----+-----+-----+-----+-----+-----+-----+-----+-----+
|    |   0 |   1 |   2 |   3 |   4 |   5 |   6 |   7 |
+====+=====+=====+=====+=====+=====+=====+=====+=====+
|  0 |   0 |   7 |   4 |   5 |   0 |   0 |   0 |   0 |
+----+-----+-----+-----+-----+-----+-----+-----+-----+
|  1 |  -7 |   0 |   0 |   0 |   1 |   6 |   0 |   0 |
+----+-----+-----+-----+-----+-----+-----+-----+-----+
|  2 |  -4 |   0 |   0 |   0 |   0 |   2 |   0 |   0 |
+----+-----+-----+-----+-----+-----+-----+-----+-----+
|  3 |  -5 |   0 |   0 |   0 |   0 |   0 |   1 |   4 |
+----+-----+-----+-----+-----+-----+-----+-----+-----+
|  4 |   0 |  -1 |   0 |   0 |   0 |   0 |   0 |   1 |
+----+-----+-----+-----+-----+-----+-----+-----+-----+
|  5 |   0 |  -6 |  -2 |   0 |   0 |   0 |   0 |   8 |
+----+-----+-----+-----+-----+-----+-----+-----+-----+
|  6 |   0 |   0 |   0 |  -1 |   0 |   0 |   0 |   1 |
+----+-----+-----+-----+-----+-----+-----+-----+-----+
|  7 |   0 |   0 |   0 |  -4 |  -1 |  -8 |  -1 |   0 |
+----+-----+-----+-----+-----+-----+-----+-----+-----+
On pousse le flot du sommet 2 vers le sommet 5
Quantité de flot poussée : 2

Itération : 22
+---------+-----------+---------+
|   Noeud |   Hauteur |   Excès |
+=========+===========+=========+
|       0 |         8 |     -16 |
+---------+-----------+---------+
|       1 |         3 |       0 |
+---------+-----------+---------+
|       2 |         3 |       0 |
+---------+-----------+---------+
|       3 |         1 |       0 |
+---------+-----------+---------+
|       4 |         1 |       0 |
+---------+-----------+---------+
|       5 |         2 |       2 |
+---------+-----------+---------+
|       6 |         2 |       0 |
+---------+-----------+---------+
|       7 |         0 |      14 |
+---------+-----------+---------+

Flot actuel :
+----+-----+-----+-----+-----+-----+-----+-----+-----+
|    |   0 |   1 |   2 |   3 |   4 |   5 |   6 |   7 |
+====+=====+=====+=====+=====+=====+=====+=====+=====+
|  0 |   0 |   7 |   4 |   5 |   0 |   0 |   0 |   0 |
+----+-----+-----+-----+-----+-----+-----+-----+-----+
|  1 |  -7 |   0 |   0 |   0 |   1 |   6 |   0 |   0 |
+----+-----+-----+-----+-----+-----+-----+-----+-----+
|  2 |  -4 |   0 |   0 |   0 |   0 |   4 |   0 |   0 |
+----+-----+-----+-----+-----+-----+-----+-----+-----+
|  3 |  -5 |   0 |   0 |   0 |   0 |   0 |   1 |   4 |
+----+-----+-----+-----+-----+-----+-----+-----+-----+
|  4 |   0 |  -1 |   0 |   0 |   0 |   0 |   0 |   1 |
+----+-----+-----+-----+-----+-----+-----+-----+-----+
|  5 |   0 |  -6 |  -4 |   0 |   0 |   0 |   0 |   8 |
+----+-----+-----+-----+-----+-----+-----+-----+-----+
|  6 |   0 |   0 |   0 |  -1 |   0 |   0 |   0 |   1 |
+----+-----+-----+-----+-----+-----+-----+-----+-----+
|  7 |   0 |   0 |   0 |  -4 |  -1 |  -8 |  -1 |   0 |
+----+-----+-----+-----+-----+-----+-----+-----+-----+
Reetiquetage du sommet 5
Nouvelle hauteur : 4

Itération : 23
+---------+-----------+---------+
|   Noeud |   Hauteur |   Excès |
+=========+===========+=========+
|       0 |         8 |     -16 |
+---------+-----------+---------+
|       1 |         3 |       0 |
+---------+-----------+---------+
|       2 |         3 |       0 |
+---------+-----------+---------+
|       3 |         1 |       0 |
+---------+-----------+---------+
|       4 |         1 |       0 |
+---------+-----------+---------+
|       5 |         4 |       2 |
+---------+-----------+---------+
|       6 |         2 |       0 |
+---------+-----------+---------+
|       7 |         0 |      14 |
+---------+-----------+---------+

Flot actuel :
+----+-----+-----+-----+-----+-----+-----+-----+-----+
|    |   0 |   1 |   2 |   3 |   4 |   5 |   6 |   7 |
+====+=====+=====+=====+=====+=====+=====+=====+=====+
|  0 |   0 |   7 |   4 |   5 |   0 |   0 |   0 |   0 |
+----+-----+-----+-----+-----+-----+-----+-----+-----+
|  1 |  -7 |   0 |   0 |   0 |   1 |   6 |   0 |   0 |
+----+-----+-----+-----+-----+-----+-----+-----+-----+
|  2 |  -4 |   0 |   0 |   0 |   0 |   4 |   0 |   0 |
+----+-----+-----+-----+-----+-----+-----+-----+-----+
|  3 |  -5 |   0 |   0 |   0 |   0 |   0 |   1 |   4 |
+----+-----+-----+-----+-----+-----+-----+-----+-----+
|  4 |   0 |  -1 |   0 |   0 |   0 |   0 |   0 |   1 |
+----+-----+-----+-----+-----+-----+-----+-----+-----+
|  5 |   0 |  -6 |  -4 |   0 |   0 |   0 |   0 |   8 |
+----+-----+-----+-----+-----+-----+-----+-----+-----+
|  6 |   0 |   0 |   0 |  -1 |   0 |   0 |   0 |   1 |
+----+-----+-----+-----+-----+-----+-----+-----+-----+
|  7 |   0 |   0 |   0 |  -4 |  -1 |  -8 |  -1 |   0 |
+----+-----+-----+-----+-----+-----+-----+-----+-----+
On pousse le flot du sommet 5 vers le sommet 1
Quantité de flot poussée : 2

Itération : 24
+---------+-----------+---------+
|   Noeud |   Hauteur |   Excès |
+=========+===========+=========+
|       0 |         8 |     -16 |
+---------+-----------+---------+
|       1 |         3 |       2 |
+---------+-----------+---------+
|       2 |         3 |       0 |
+---------+-----------+---------+
|       3 |         1 |       0 |
+---------+-----------+---------+
|       4 |         1 |       0 |
+---------+-----------+---------+
|       5 |         4 |       0 |
+---------+-----------+---------+
|       6 |         2 |       0 |
+---------+-----------+---------+
|       7 |         0 |      14 |
+---------+-----------+---------+

Flot actuel :
+----+-----+-----+-----+-----+-----+-----+-----+-----+
|    |   0 |   1 |   2 |   3 |   4 |   5 |   6 |   7 |
+====+=====+=====+=====+=====+=====+=====+=====+=====+
|  0 |   0 |   7 |   4 |   5 |   0 |   0 |   0 |   0 |
+----+-----+-----+-----+-----+-----+-----+-----+-----+
|  1 |  -7 |   0 |   0 |   0 |   1 |   4 |   0 |   0 |
+----+-----+-----+-----+-----+-----+-----+-----+-----+
|  2 |  -4 |   0 |   0 |   0 |   0 |   4 |   0 |   0 |
+----+-----+-----+-----+-----+-----+-----+-----+-----+
|  3 |  -5 |   0 |   0 |   0 |   0 |   0 |   1 |   4 |
+----+-----+-----+-----+-----+-----+-----+-----+-----+
|  4 |   0 |  -1 |   0 |   0 |   0 |   0 |   0 |   1 |
+----+-----+-----+-----+-----+-----+-----+-----+-----+
|  5 |   0 |  -4 |  -4 |   0 |   0 |   0 |   0 |   8 |
+----+-----+-----+-----+-----+-----+-----+-----+-----+
|  6 |   0 |   0 |   0 |  -1 |   0 |   0 |   0 |   1 |
+----+-----+-----+-----+-----+-----+-----+-----+-----+
|  7 |   0 |   0 |   0 |  -4 |  -1 |  -8 |  -1 |   0 |
+----+-----+-----+-----+-----+-----+-----+-----+-----+
Reetiquetage du sommet 1
Nouvelle hauteur : 5

Itération : 25
+---------+-----------+---------+
|   Noeud |   Hauteur |   Excès |
+=========+===========+=========+
|       0 |         8 |     -16 |
+---------+-----------+---------+
|       1 |         5 |       2 |
+---------+-----------+---------+
|       2 |         3 |       0 |
+---------+-----------+---------+
|       3 |         1 |       0 |
+---------+-----------+---------+
|       4 |         1 |       0 |
+---------+-----------+---------+
|       5 |         4 |       0 |
+---------+-----------+---------+
|       6 |         2 |       0 |
+---------+-----------+---------+
|       7 |         0 |      14 |
+---------+-----------+---------+

Flot actuel :
+----+-----+-----+-----+-----+-----+-----+-----+-----+
|    |   0 |   1 |   2 |   3 |   4 |   5 |   6 |   7 |
+====+=====+=====+=====+=====+=====+=====+=====+=====+
|  0 |   0 |   7 |   4 |   5 |   0 |   0 |   0 |   0 |
+----+-----+-----+-----+-----+-----+-----+-----+-----+
|  1 |  -7 |   0 |   0 |   0 |   1 |   4 |   0 |   0 |
+----+-----+-----+-----+-----+-----+-----+-----+-----+
|  2 |  -4 |   0 |   0 |   0 |   0 |   4 |   0 |   0 |
+----+-----+-----+-----+-----+-----+-----+-----+-----+
|  3 |  -5 |   0 |   0 |   0 |   0 |   0 |   1 |   4 |
+----+-----+-----+-----+-----+-----+-----+-----+-----+
|  4 |   0 |  -1 |   0 |   0 |   0 |   0 |   0 |   1 |
+----+-----+-----+-----+-----+-----+-----+-----+-----+
|  5 |   0 |  -4 |  -4 |   0 |   0 |   0 |   0 |   8 |
+----+-----+-----+-----+-----+-----+-----+-----+-----+
|  6 |   0 |   0 |   0 |  -1 |   0 |   0 |   0 |   1 |
+----+-----+-----+-----+-----+-----+-----+-----+-----+
|  7 |   0 |   0 |   0 |  -4 |  -1 |  -8 |  -1 |   0 |
+----+-----+-----+-----+-----+-----+-----+-----+-----+
On pousse le flot du sommet 1 vers le sommet 5
Quantité de flot poussée : 2

Itération : 26
+---------+-----------+---------+
|   Noeud |   Hauteur |   Excès |
+=========+===========+=========+
|       0 |         8 |     -16 |
+---------+-----------+---------+
|       1 |         5 |       0 |
+---------+-----------+---------+
|       2 |         3 |       0 |
+---------+-----------+---------+
|       3 |         1 |       0 |
+---------+-----------+---------+
|       4 |         1 |       0 |
+---------+-----------+---------+
|       5 |         4 |       2 |
+---------+-----------+---------+
|       6 |         2 |       0 |
+---------+-----------+---------+
|       7 |         0 |      14 |
+---------+-----------+---------+

Flot actuel :
+----+-----+-----+-----+-----+-----+-----+-----+-----+
|    |   0 |   1 |   2 |   3 |   4 |   5 |   6 |   7 |
+====+=====+=====+=====+=====+=====+=====+=====+=====+
|  0 |   0 |   7 |   4 |   5 |   0 |   0 |   0 |   0 |
+----+-----+-----+-----+-----+-----+-----+-----+-----+
|  1 |  -7 |   0 |   0 |   0 |   1 |   6 |   0 |   0 |
+----+-----+-----+-----+-----+-----+-----+-----+-----+
|  2 |  -4 |   0 |   0 |   0 |   0 |   4 |   0 |   0 |
+----+-----+-----+-----+-----+-----+-----+-----+-----+
|  3 |  -5 |   0 |   0 |   0 |   0 |   0 |   1 |   4 |
+----+-----+-----+-----+-----+-----+-----+-----+-----+
|  4 |   0 |  -1 |   0 |   0 |   0 |   0 |   0 |   1 |
+----+-----+-----+-----+-----+-----+-----+-----+-----+
|  5 |   0 |  -6 |  -4 |   0 |   0 |   0 |   0 |   8 |
+----+-----+-----+-----+-----+-----+-----+-----+-----+
|  6 |   0 |   0 |   0 |  -1 |   0 |   0 |   0 |   1 |
+----+-----+-----+-----+-----+-----+-----+-----+-----+
|  7 |   0 |   0 |   0 |  -4 |  -1 |  -8 |  -1 |   0 |
+----+-----+-----+-----+-----+-----+-----+-----+-----+
On pousse le flot du sommet 5 vers le sommet 2
Quantité de flot poussée : 2

Itération : 27
+---------+-----------+---------+
|   Noeud |   Hauteur |   Excès |
+=========+===========+=========+
|       0 |         8 |     -16 |
+---------+-----------+---------+
|       1 |         5 |       0 |
+---------+-----------+---------+
|       2 |         3 |       2 |
+---------+-----------+---------+
|       3 |         1 |       0 |
+---------+-----------+---------+
|       4 |         1 |       0 |
+---------+-----------+---------+
|       5 |         4 |       0 |
+---------+-----------+---------+
|       6 |         2 |       0 |
+---------+-----------+---------+
|       7 |         0 |      14 |
+---------+-----------+---------+

Flot actuel :
+----+-----+-----+-----+-----+-----+-----+-----+-----+
|    |   0 |   1 |   2 |   3 |   4 |   5 |   6 |   7 |
+====+=====+=====+=====+=====+=====+=====+=====+=====+
|  0 |   0 |   7 |   4 |   5 |   0 |   0 |   0 |   0 |
+----+-----+-----+-----+-----+-----+-----+-----+-----+
|  1 |  -7 |   0 |   0 |   0 |   1 |   6 |   0 |   0 |
+----+-----+-----+-----+-----+-----+-----+-----+-----+
|  2 |  -4 |   0 |   0 |   0 |   0 |   2 |   0 |   0 |
+----+-----+-----+-----+-----+-----+-----+-----+-----+
|  3 |  -5 |   0 |   0 |   0 |   0 |   0 |   1 |   4 |
+----+-----+-----+-----+-----+-----+-----+-----+-----+
|  4 |   0 |  -1 |   0 |   0 |   0 |   0 |   0 |   1 |
+----+-----+-----+-----+-----+-----+-----+-----+-----+
|  5 |   0 |  -6 |  -2 |   0 |   0 |   0 |   0 |   8 |
+----+-----+-----+-----+-----+-----+-----+-----+-----+
|  6 |   0 |   0 |   0 |  -1 |   0 |   0 |   0 |   1 |
+----+-----+-----+-----+-----+-----+-----+-----+-----+
|  7 |   0 |   0 |   0 |  -4 |  -1 |  -8 |  -1 |   0 |
+----+-----+-----+-----+-----+-----+-----+-----+-----+
On pousse le flot du sommet 2 vers le sommet 6
Quantité de flot poussée : 2

Itération : 28
+---------+-----------+---------+
|   Noeud |   Hauteur |   Excès |
+=========+===========+=========+
|       0 |         8 |     -16 |
+---------+-----------+---------+
|       1 |         5 |       0 |
+---------+-----------+---------+
|       2 |         3 |       0 |
+---------+-----------+---------+
|       3 |         1 |       0 |
+---------+-----------+---------+
|       4 |         1 |       0 |
+---------+-----------+---------+
|       5 |         4 |       0 |
+---------+-----------+---------+
|       6 |         2 |       2 |
+---------+-----------+---------+
|       7 |         0 |      14 |
+---------+-----------+---------+

Flot actuel :
+----+-----+-----+-----+-----+-----+-----+-----+-----+
|    |   0 |   1 |   2 |   3 |   4 |   5 |   6 |   7 |
+====+=====+=====+=====+=====+=====+=====+=====+=====+
|  0 |   0 |   7 |   4 |   5 |   0 |   0 |   0 |   0 |
+----+-----+-----+-----+-----+-----+-----+-----+-----+
|  1 |  -7 |   0 |   0 |   0 |   1 |   6 |   0 |   0 |
+----+-----+-----+-----+-----+-----+-----+-----+-----+
|  2 |  -4 |   0 |   0 |   0 |   0 |   2 |   2 |   0 |
+----+-----+-----+-----+-----+-----+-----+-----+-----+
|  3 |  -5 |   0 |   0 |   0 |   0 |   0 |   1 |   4 |
+----+-----+-----+-----+-----+-----+-----+-----+-----+
|  4 |   0 |  -1 |   0 |   0 |   0 |   0 |   0 |   1 |
+----+-----+-----+-----+-----+-----+-----+-----+-----+
|  5 |   0 |  -6 |  -2 |   0 |   0 |   0 |   0 |   8 |
+----+-----+-----+-----+-----+-----+-----+-----+-----+
|  6 |   0 |   0 |  -2 |  -1 |   0 |   0 |   0 |   1 |
+----+-----+-----+-----+-----+-----+-----+-----+-----+
|  7 |   0 |   0 |   0 |  -4 |  -1 |  -8 |  -1 |   0 |
+----+-----+-----+-----+-----+-----+-----+-----+-----+
On pousse le flot du sommet 6 vers le sommet 3
Quantité de flot poussée : 1

Itération : 29
+---------+-----------+---------+
|   Noeud |   Hauteur |   Excès |
+=========+===========+=========+
|       0 |         8 |     -16 |
+---------+-----------+---------+
|       1 |         5 |       0 |
+---------+-----------+---------+
|       2 |         3 |       0 |
+---------+-----------+---------+
|       3 |         1 |       1 |
+---------+-----------+---------+
|       4 |         1 |       0 |
+---------+-----------+---------+
|       5 |         4 |       0 |
+---------+-----------+---------+
|       6 |         2 |       1 |
+---------+-----------+---------+
|       7 |         0 |      14 |
+---------+-----------+---------+

Flot actuel :
+----+-----+-----+-----+-----+-----+-----+-----+-----+
|    |   0 |   1 |   2 |   3 |   4 |   5 |   6 |   7 |
+====+=====+=====+=====+=====+=====+=====+=====+=====+
|  0 |   0 |   7 |   4 |   5 |   0 |   0 |   0 |   0 |
+----+-----+-----+-----+-----+-----+-----+-----+-----+
|  1 |  -7 |   0 |   0 |   0 |   1 |   6 |   0 |   0 |
+----+-----+-----+-----+-----+-----+-----+-----+-----+
|  2 |  -4 |   0 |   0 |   0 |   0 |   2 |   2 |   0 |
+----+-----+-----+-----+-----+-----+-----+-----+-----+
|  3 |  -5 |   0 |   0 |   0 |   0 |   0 |   0 |   4 |
+----+-----+-----+-----+-----+-----+-----+-----+-----+
|  4 |   0 |  -1 |   0 |   0 |   0 |   0 |   0 |   1 |
+----+-----+-----+-----+-----+-----+-----+-----+-----+
|  5 |   0 |  -6 |  -2 |   0 |   0 |   0 |   0 |   8 |
+----+-----+-----+-----+-----+-----+-----+-----+-----+
|  6 |   0 |   0 |  -2 |   0 |   0 |   0 |   0 |   1 |
+----+-----+-----+-----+-----+-----+-----+-----+-----+
|  7 |   0 |   0 |   0 |  -4 |  -1 |  -8 |  -1 |   0 |
+----+-----+-----+-----+-----+-----+-----+-----+-----+
Reetiquetage du sommet 6
Nouvelle hauteur : 4

Itération : 30
+---------+-----------+---------+
|   Noeud |   Hauteur |   Excès |
+=========+===========+=========+
|       0 |         8 |     -16 |
+---------+-----------+---------+
|       1 |         5 |       0 |
+---------+-----------+---------+
|       2 |         3 |       0 |
+---------+-----------+---------+
|       3 |         1 |       1 |
+---------+-----------+---------+
|       4 |         1 |       0 |
+---------+-----------+---------+
|       5 |         4 |       0 |
+---------+-----------+---------+
|       6 |         4 |       1 |
+---------+-----------+---------+
|       7 |         0 |      14 |
+---------+-----------+---------+

Flot actuel :
+----+-----+-----+-----+-----+-----+-----+-----+-----+
|    |   0 |   1 |   2 |   3 |   4 |   5 |   6 |   7 |
+====+=====+=====+=====+=====+=====+=====+=====+=====+
|  0 |   0 |   7 |   4 |   5 |   0 |   0 |   0 |   0 |
+----+-----+-----+-----+-----+-----+-----+-----+-----+
|  1 |  -7 |   0 |   0 |   0 |   1 |   6 |   0 |   0 |
+----+-----+-----+-----+-----+-----+-----+-----+-----+
|  2 |  -4 |   0 |   0 |   0 |   0 |   2 |   2 |   0 |
+----+-----+-----+-----+-----+-----+-----+-----+-----+
|  3 |  -5 |   0 |   0 |   0 |   0 |   0 |   0 |   4 |
+----+-----+-----+-----+-----+-----+-----+-----+-----+
|  4 |   0 |  -1 |   0 |   0 |   0 |   0 |   0 |   1 |
+----+-----+-----+-----+-----+-----+-----+-----+-----+
|  5 |   0 |  -6 |  -2 |   0 |   0 |   0 |   0 |   8 |
+----+-----+-----+-----+-----+-----+-----+-----+-----+
|  6 |   0 |   0 |  -2 |   0 |   0 |   0 |   0 |   1 |
+----+-----+-----+-----+-----+-----+-----+-----+-----+
|  7 |   0 |   0 |   0 |  -4 |  -1 |  -8 |  -1 |   0 |
+----+-----+-----+-----+-----+-----+-----+-----+-----+
On pousse le flot du sommet 6 vers le sommet 2
Quantité de flot poussée : 1

Itération : 31
+---------+-----------+---------+
|   Noeud |   Hauteur |   Excès |
+=========+===========+=========+
|       0 |         8 |     -16 |
+---------+-----------+---------+
|       1 |         5 |       0 |
+---------+-----------+---------+
|       2 |         3 |       1 |
+---------+-----------+---------+
|       3 |         1 |       1 |
+---------+-----------+---------+
|       4 |         1 |       0 |
+---------+-----------+---------+
|       5 |         4 |       0 |
+---------+-----------+---------+
|       6 |         4 |       0 |
+---------+-----------+---------+
|       7 |         0 |      14 |
+---------+-----------+---------+

Flot actuel :
+----+-----+-----+-----+-----+-----+-----+-----+-----+
|    |   0 |   1 |   2 |   3 |   4 |   5 |   6 |   7 |
+====+=====+=====+=====+=====+=====+=====+=====+=====+
|  0 |   0 |   7 |   4 |   5 |   0 |   0 |   0 |   0 |
+----+-----+-----+-----+-----+-----+-----+-----+-----+
|  1 |  -7 |   0 |   0 |   0 |   1 |   6 |   0 |   0 |
+----+-----+-----+-----+-----+-----+-----+-----+-----+
|  2 |  -4 |   0 |   0 |   0 |   0 |   2 |   1 |   0 |
+----+-----+-----+-----+-----+-----+-----+-----+-----+
|  3 |  -5 |   0 |   0 |   0 |   0 |   0 |   0 |   4 |
+----+-----+-----+-----+-----+-----+-----+-----+-----+
|  4 |   0 |  -1 |   0 |   0 |   0 |   0 |   0 |   1 |
+----+-----+-----+-----+-----+-----+-----+-----+-----+
|  5 |   0 |  -6 |  -2 |   0 |   0 |   0 |   0 |   8 |
+----+-----+-----+-----+-----+-----+-----+-----+-----+
|  6 |   0 |   0 |  -1 |   0 |   0 |   0 |   0 |   1 |
+----+-----+-----+-----+-----+-----+-----+-----+-----+
|  7 |   0 |   0 |   0 |  -4 |  -1 |  -8 |  -1 |   0 |
+----+-----+-----+-----+-----+-----+-----+-----+-----+
On pousse le flot du sommet 3 vers le sommet 7
Quantité de flot poussée : 1

Itération : 32
+---------+-----------+---------+
|   Noeud |   Hauteur |   Excès |
+=========+===========+=========+
|       0 |         8 |     -16 |
+---------+-----------+---------+
|       1 |         5 |       0 |
+---------+-----------+---------+
|       2 |         3 |       1 |
+---------+-----------+---------+
|       3 |         1 |       0 |
+---------+-----------+---------+
|       4 |         1 |       0 |
+---------+-----------+---------+
|       5 |         4 |       0 |
+---------+-----------+---------+
|       6 |         4 |       0 |
+---------+-----------+---------+
|       7 |         0 |      15 |
+---------+-----------+---------+

Flot actuel :
+----+-----+-----+-----+-----+-----+-----+-----+-----+
|    |   0 |   1 |   2 |   3 |   4 |   5 |   6 |   7 |
+====+=====+=====+=====+=====+=====+=====+=====+=====+
|  0 |   0 |   7 |   4 |   5 |   0 |   0 |   0 |   0 |
+----+-----+-----+-----+-----+-----+-----+-----+-----+
|  1 |  -7 |   0 |   0 |   0 |   1 |   6 |   0 |   0 |
+----+-----+-----+-----+-----+-----+-----+-----+-----+
|  2 |  -4 |   0 |   0 |   0 |   0 |   2 |   1 |   0 |
+----+-----+-----+-----+-----+-----+-----+-----+-----+
|  3 |  -5 |   0 |   0 |   0 |   0 |   0 |   0 |   5 |
+----+-----+-----+-----+-----+-----+-----+-----+-----+
|  4 |   0 |  -1 |   0 |   0 |   0 |   0 |   0 |   1 |
+----+-----+-----+-----+-----+-----+-----+-----+-----+
|  5 |   0 |  -6 |  -2 |   0 |   0 |   0 |   0 |   8 |
+----+-----+-----+-----+-----+-----+-----+-----+-----+
|  6 |   0 |   0 |  -1 |   0 |   0 |   0 |   0 |   1 |
+----+-----+-----+-----+-----+-----+-----+-----+-----+
|  7 |   0 |   0 |   0 |  -5 |  -1 |  -8 |  -1 |   0 |
+----+-----+-----+-----+-----+-----+-----+-----+-----+
Reetiquetage du sommet 2
Nouvelle hauteur : 5

Itération : 33
+---------+-----------+---------+
|   Noeud |   Hauteur |   Excès |
+=========+===========+=========+
|       0 |         8 |     -16 |
+---------+-----------+---------+
|       1 |         5 |       0 |
+---------+-----------+---------+
|       2 |         5 |       1 |
+---------+-----------+---------+
|       3 |         1 |       0 |
+---------+-----------+---------+
|       4 |         1 |       0 |
+---------+-----------+---------+
|       5 |         4 |       0 |
+---------+-----------+---------+
|       6 |         4 |       0 |
+---------+-----------+---------+
|       7 |         0 |      15 |
+---------+-----------+---------+

Flot actuel :
+----+-----+-----+-----+-----+-----+-----+-----+-----+
|    |   0 |   1 |   2 |   3 |   4 |   5 |   6 |   7 |
+====+=====+=====+=====+=====+=====+=====+=====+=====+
|  0 |   0 |   7 |   4 |   5 |   0 |   0 |   0 |   0 |
+----+-----+-----+-----+-----+-----+-----+-----+-----+
|  1 |  -7 |   0 |   0 |   0 |   1 |   6 |   0 |   0 |
+----+-----+-----+-----+-----+-----+-----+-----+-----+
|  2 |  -4 |   0 |   0 |   0 |   0 |   2 |   1 |   0 |
+----+-----+-----+-----+-----+-----+-----+-----+-----+
|  3 |  -5 |   0 |   0 |   0 |   0 |   0 |   0 |   5 |
+----+-----+-----+-----+-----+-----+-----+-----+-----+
|  4 |   0 |  -1 |   0 |   0 |   0 |   0 |   0 |   1 |
+----+-----+-----+-----+-----+-----+-----+-----+-----+
|  5 |   0 |  -6 |  -2 |   0 |   0 |   0 |   0 |   8 |
+----+-----+-----+-----+-----+-----+-----+-----+-----+
|  6 |   0 |   0 |  -1 |   0 |   0 |   0 |   0 |   1 |
+----+-----+-----+-----+-----+-----+-----+-----+-----+
|  7 |   0 |   0 |   0 |  -5 |  -1 |  -8 |  -1 |   0 |
+----+-----+-----+-----+-----+-----+-----+-----+-----+
On pousse le flot du sommet 2 vers le sommet 5
Quantité de flot poussée : 1

Itération : 34
+---------+-----------+---------+
|   Noeud |   Hauteur |   Excès |
+=========+===========+=========+
|       0 |         8 |     -16 |
+---------+-----------+---------+
|       1 |         5 |       0 |
+---------+-----------+---------+
|       2 |         5 |       0 |
+---------+-----------+---------+
|       3 |         1 |       0 |
+---------+-----------+---------+
|       4 |         1 |       0 |
+---------+-----------+---------+
|       5 |         4 |       1 |
+---------+-----------+---------+
|       6 |         4 |       0 |
+---------+-----------+---------+
|       7 |         0 |      15 |
+---------+-----------+---------+

Flot actuel :
+----+-----+-----+-----+-----+-----+-----+-----+-----+
|    |   0 |   1 |   2 |   3 |   4 |   5 |   6 |   7 |
+====+=====+=====+=====+=====+=====+=====+=====+=====+
|  0 |   0 |   7 |   4 |   5 |   0 |   0 |   0 |   0 |
+----+-----+-----+-----+-----+-----+-----+-----+-----+
|  1 |  -7 |   0 |   0 |   0 |   1 |   6 |   0 |   0 |
+----+-----+-----+-----+-----+-----+-----+-----+-----+
|  2 |  -4 |   0 |   0 |   0 |   0 |   3 |   1 |   0 |
+----+-----+-----+-----+-----+-----+-----+-----+-----+
|  3 |  -5 |   0 |   0 |   0 |   0 |   0 |   0 |   5 |
+----+-----+-----+-----+-----+-----+-----+-----+-----+
|  4 |   0 |  -1 |   0 |   0 |   0 |   0 |   0 |   1 |
+----+-----+-----+-----+-----+-----+-----+-----+-----+
|  5 |   0 |  -6 |  -3 |   0 |   0 |   0 |   0 |   8 |
+----+-----+-----+-----+-----+-----+-----+-----+-----+
|  6 |   0 |   0 |  -1 |   0 |   0 |   0 |   0 |   1 |
+----+-----+-----+-----+-----+-----+-----+-----+-----+
|  7 |   0 |   0 |   0 |  -5 |  -1 |  -8 |  -1 |   0 |
+----+-----+-----+-----+-----+-----+-----+-----+-----+
Reetiquetage du sommet 5
Nouvelle hauteur : 6

Itération : 35
+---------+-----------+---------+
|   Noeud |   Hauteur |   Excès |
+=========+===========+=========+
|       0 |         8 |     -16 |
+---------+-----------+---------+
|       1 |         5 |       0 |
+---------+-----------+---------+
|       2 |         5 |       0 |
+---------+-----------+---------+
|       3 |         1 |       0 |
+---------+-----------+---------+
|       4 |         1 |       0 |
+---------+-----------+---------+
|       5 |         6 |       1 |
+---------+-----------+---------+
|       6 |         4 |       0 |
+---------+-----------+---------+
|       7 |         0 |      15 |
+---------+-----------+---------+

Flot actuel :
+----+-----+-----+-----+-----+-----+-----+-----+-----+
|    |   0 |   1 |   2 |   3 |   4 |   5 |   6 |   7 |
+====+=====+=====+=====+=====+=====+=====+=====+=====+
|  0 |   0 |   7 |   4 |   5 |   0 |   0 |   0 |   0 |
+----+-----+-----+-----+-----+-----+-----+-----+-----+
|  1 |  -7 |   0 |   0 |   0 |   1 |   6 |   0 |   0 |
+----+-----+-----+-----+-----+-----+-----+-----+-----+
|  2 |  -4 |   0 |   0 |   0 |   0 |   3 |   1 |   0 |
+----+-----+-----+-----+-----+-----+-----+-----+-----+
|  3 |  -5 |   0 |   0 |   0 |   0 |   0 |   0 |   5 |
+----+-----+-----+-----+-----+-----+-----+-----+-----+
|  4 |   0 |  -1 |   0 |   0 |   0 |   0 |   0 |   1 |
+----+-----+-----+-----+-----+-----+-----+-----+-----+
|  5 |   0 |  -6 |  -3 |   0 |   0 |   0 |   0 |   8 |
+----+-----+-----+-----+-----+-----+-----+-----+-----+
|  6 |   0 |   0 |  -1 |   0 |   0 |   0 |   0 |   1 |
+----+-----+-----+-----+-----+-----+-----+-----+-----+
|  7 |   0 |   0 |   0 |  -5 |  -1 |  -8 |  -1 |   0 |
+----+-----+-----+-----+-----+-----+-----+-----+-----+
On pousse le flot du sommet 5 vers le sommet 1
Quantité de flot poussée : 1

Itération : 36
+---------+-----------+---------+
|   Noeud |   Hauteur |   Excès |
+=========+===========+=========+
|       0 |         8 |     -16 |
+---------+-----------+---------+
|       1 |         5 |       1 |
+---------+-----------+---------+
|       2 |         5 |       0 |
+---------+-----------+---------+
|       3 |         1 |       0 |
+---------+-----------+---------+
|       4 |         1 |       0 |
+---------+-----------+---------+
|       5 |         6 |       0 |
+---------+-----------+---------+
|       6 |         4 |       0 |
+---------+-----------+---------+
|       7 |         0 |      15 |
+---------+-----------+---------+

Flot actuel :
+----+-----+-----+-----+-----+-----+-----+-----+-----+
|    |   0 |   1 |   2 |   3 |   4 |   5 |   6 |   7 |
+====+=====+=====+=====+=====+=====+=====+=====+=====+
|  0 |   0 |   7 |   4 |   5 |   0 |   0 |   0 |   0 |
+----+-----+-----+-----+-----+-----+-----+-----+-----+
|  1 |  -7 |   0 |   0 |   0 |   1 |   5 |   0 |   0 |
+----+-----+-----+-----+-----+-----+-----+-----+-----+
|  2 |  -4 |   0 |   0 |   0 |   0 |   3 |   1 |   0 |
+----+-----+-----+-----+-----+-----+-----+-----+-----+
|  3 |  -5 |   0 |   0 |   0 |   0 |   0 |   0 |   5 |
+----+-----+-----+-----+-----+-----+-----+-----+-----+
|  4 |   0 |  -1 |   0 |   0 |   0 |   0 |   0 |   1 |
+----+-----+-----+-----+-----+-----+-----+-----+-----+
|  5 |   0 |  -5 |  -3 |   0 |   0 |   0 |   0 |   8 |
+----+-----+-----+-----+-----+-----+-----+-----+-----+
|  6 |   0 |   0 |  -1 |   0 |   0 |   0 |   0 |   1 |
+----+-----+-----+-----+-----+-----+-----+-----+-----+
|  7 |   0 |   0 |   0 |  -5 |  -1 |  -8 |  -1 |   0 |
+----+-----+-----+-----+-----+-----+-----+-----+-----+
Reetiquetage du sommet 1
Nouvelle hauteur : 7

Itération : 37
+---------+-----------+---------+
|   Noeud |   Hauteur |   Excès |
+=========+===========+=========+
|       0 |         8 |     -16 |
+---------+-----------+---------+
|       1 |         7 |       1 |
+---------+-----------+---------+
|       2 |         5 |       0 |
+---------+-----------+---------+
|       3 |         1 |       0 |
+---------+-----------+---------+
|       4 |         1 |       0 |
+---------+-----------+---------+
|       5 |         6 |       0 |
+---------+-----------+---------+
|       6 |         4 |       0 |
+---------+-----------+---------+
|       7 |         0 |      15 |
+---------+-----------+---------+

Flot actuel :
+----+-----+-----+-----+-----+-----+-----+-----+-----+
|    |   0 |   1 |   2 |   3 |   4 |   5 |   6 |   7 |
+====+=====+=====+=====+=====+=====+=====+=====+=====+
|  0 |   0 |   7 |   4 |   5 |   0 |   0 |   0 |   0 |
+----+-----+-----+-----+-----+-----+-----+-----+-----+
|  1 |  -7 |   0 |   0 |   0 |   1 |   5 |   0 |   0 |
+----+-----+-----+-----+-----+-----+-----+-----+-----+
|  2 |  -4 |   0 |   0 |   0 |   0 |   3 |   1 |   0 |
+----+-----+-----+-----+-----+-----+-----+-----+-----+
|  3 |  -5 |   0 |   0 |   0 |   0 |   0 |   0 |   5 |
+----+-----+-----+-----+-----+-----+-----+-----+-----+
|  4 |   0 |  -1 |   0 |   0 |   0 |   0 |   0 |   1 |
+----+-----+-----+-----+-----+-----+-----+-----+-----+
|  5 |   0 |  -5 |  -3 |   0 |   0 |   0 |   0 |   8 |
+----+-----+-----+-----+-----+-----+-----+-----+-----+
|  6 |   0 |   0 |  -1 |   0 |   0 |   0 |   0 |   1 |
+----+-----+-----+-----+-----+-----+-----+-----+-----+
|  7 |   0 |   0 |   0 |  -5 |  -1 |  -8 |  -1 |   0 |
+----+-----+-----+-----+-----+-----+-----+-----+-----+
On pousse le flot du sommet 1 vers le sommet 5
Quantité de flot poussée : 1

Itération : 38
+---------+-----------+---------+
|   Noeud |   Hauteur |   Excès |
+=========+===========+=========+
|       0 |         8 |     -16 |
+---------+-----------+---------+
|       1 |         7 |       0 |
+---------+-----------+---------+
|       2 |         5 |       0 |
+---------+-----------+---------+
|       3 |         1 |       0 |
+---------+-----------+---------+
|       4 |         1 |       0 |
+---------+-----------+---------+
|       5 |         6 |       1 |
+---------+-----------+---------+
|       6 |         4 |       0 |
+---------+-----------+---------+
|       7 |         0 |      15 |
+---------+-----------+---------+

Flot actuel :
+----+-----+-----+-----+-----+-----+-----+-----+-----+
|    |   0 |   1 |   2 |   3 |   4 |   5 |   6 |   7 |
+====+=====+=====+=====+=====+=====+=====+=====+=====+
|  0 |   0 |   7 |   4 |   5 |   0 |   0 |   0 |   0 |
+----+-----+-----+-----+-----+-----+-----+-----+-----+
|  1 |  -7 |   0 |   0 |   0 |   1 |   6 |   0 |   0 |
+----+-----+-----+-----+-----+-----+-----+-----+-----+
|  2 |  -4 |   0 |   0 |   0 |   0 |   3 |   1 |   0 |
+----+-----+-----+-----+-----+-----+-----+-----+-----+
|  3 |  -5 |   0 |   0 |   0 |   0 |   0 |   0 |   5 |
+----+-----+-----+-----+-----+-----+-----+-----+-----+
|  4 |   0 |  -1 |   0 |   0 |   0 |   0 |   0 |   1 |
+----+-----+-----+-----+-----+-----+-----+-----+-----+
|  5 |   0 |  -6 |  -3 |   0 |   0 |   0 |   0 |   8 |
+----+-----+-----+-----+-----+-----+-----+-----+-----+
|  6 |   0 |   0 |  -1 |   0 |   0 |   0 |   0 |   1 |
+----+-----+-----+-----+-----+-----+-----+-----+-----+
|  7 |   0 |   0 |   0 |  -5 |  -1 |  -8 |  -1 |   0 |
+----+-----+-----+-----+-----+-----+-----+-----+-----+
On pousse le flot du sommet 5 vers le sommet 2
Quantité de flot poussée : 1

Itération : 39
+---------+-----------+---------+
|   Noeud |   Hauteur |   Excès |
+=========+===========+=========+
|       0 |         8 |     -16 |
+---------+-----------+---------+
|       1 |         7 |       0 |
+---------+-----------+---------+
|       2 |         5 |       1 |
+---------+-----------+---------+
|       3 |         1 |       0 |
+---------+-----------+---------+
|       4 |         1 |       0 |
+---------+-----------+---------+
|       5 |         6 |       0 |
+---------+-----------+---------+
|       6 |         4 |       0 |
+---------+-----------+---------+
|       7 |         0 |      15 |
+---------+-----------+---------+

Flot actuel :
+----+-----+-----+-----+-----+-----+-----+-----+-----+
|    |   0 |   1 |   2 |   3 |   4 |   5 |   6 |   7 |
+====+=====+=====+=====+=====+=====+=====+=====+=====+
|  0 |   0 |   7 |   4 |   5 |   0 |   0 |   0 |   0 |
+----+-----+-----+-----+-----+-----+-----+-----+-----+
|  1 |  -7 |   0 |   0 |   0 |   1 |   6 |   0 |   0 |
+----+-----+-----+-----+-----+-----+-----+-----+-----+
|  2 |  -4 |   0 |   0 |   0 |   0 |   2 |   1 |   0 |
+----+-----+-----+-----+-----+-----+-----+-----+-----+
|  3 |  -5 |   0 |   0 |   0 |   0 |   0 |   0 |   5 |
+----+-----+-----+-----+-----+-----+-----+-----+-----+
|  4 |   0 |  -1 |   0 |   0 |   0 |   0 |   0 |   1 |
+----+-----+-----+-----+-----+-----+-----+-----+-----+
|  5 |   0 |  -6 |  -2 |   0 |   0 |   0 |   0 |   8 |
+----+-----+-----+-----+-----+-----+-----+-----+-----+
|  6 |   0 |   0 |  -1 |   0 |   0 |   0 |   0 |   1 |
+----+-----+-----+-----+-----+-----+-----+-----+-----+
|  7 |   0 |   0 |   0 |  -5 |  -1 |  -8 |  -1 |   0 |
+----+-----+-----+-----+-----+-----+-----+-----+-----+
On pousse le flot du sommet 2 vers le sommet 6
Quantité de flot poussée : 1

Itération : 40
+---------+-----------+---------+
|   Noeud |   Hauteur |   Excès |
+=========+===========+=========+
|       0 |         8 |     -16 |
+---------+-----------+---------+
|       1 |         7 |       0 |
+---------+-----------+---------+
|       2 |         5 |       0 |
+---------+-----------+---------+
|       3 |         1 |       0 |
+---------+-----------+---------+
|       4 |         1 |       0 |
+---------+-----------+---------+
|       5 |         6 |       0 |
+---------+-----------+---------+
|       6 |         4 |       1 |
+---------+-----------+---------+
|       7 |         0 |      15 |
+---------+-----------+---------+

Flot actuel :
+----+-----+-----+-----+-----+-----+-----+-----+-----+
|    |   0 |   1 |   2 |   3 |   4 |   5 |   6 |   7 |
+====+=====+=====+=====+=====+=====+=====+=====+=====+
|  0 |   0 |   7 |   4 |   5 |   0 |   0 |   0 |   0 |
+----+-----+-----+-----+-----+-----+-----+-----+-----+
|  1 |  -7 |   0 |   0 |   0 |   1 |   6 |   0 |   0 |
+----+-----+-----+-----+-----+-----+-----+-----+-----+
|  2 |  -4 |   0 |   0 |   0 |   0 |   2 |   2 |   0 |
+----+-----+-----+-----+-----+-----+-----+-----+-----+
|  3 |  -5 |   0 |   0 |   0 |   0 |   0 |   0 |   5 |
+----+-----+-----+-----+-----+-----+-----+-----+-----+
|  4 |   0 |  -1 |   0 |   0 |   0 |   0 |   0 |   1 |
+----+-----+-----+-----+-----+-----+-----+-----+-----+
|  5 |   0 |  -6 |  -2 |   0 |   0 |   0 |   0 |   8 |
+----+-----+-----+-----+-----+-----+-----+-----+-----+
|  6 |   0 |   0 |  -2 |   0 |   0 |   0 |   0 |   1 |
+----+-----+-----+-----+-----+-----+-----+-----+-----+
|  7 |   0 |   0 |   0 |  -5 |  -1 |  -8 |  -1 |   0 |
+----+-----+-----+-----+-----+-----+-----+-----+-----+
Reetiquetage du sommet 6
Nouvelle hauteur : 6

Itération : 41
+---------+-----------+---------+
|   Noeud |   Hauteur |   Excès |
+=========+===========+=========+
|       0 |         8 |     -16 |
+---------+-----------+---------+
|       1 |         7 |       0 |
+---------+-----------+---------+
|       2 |         5 |       0 |
+---------+-----------+---------+
|       3 |         1 |       0 |
+---------+-----------+---------+
|       4 |         1 |       0 |
+---------+-----------+---------+
|       5 |         6 |       0 |
+---------+-----------+---------+
|       6 |         6 |       1 |
+---------+-----------+---------+
|       7 |         0 |      15 |
+---------+-----------+---------+

Flot actuel :
+----+-----+-----+-----+-----+-----+-----+-----+-----+
|    |   0 |   1 |   2 |   3 |   4 |   5 |   6 |   7 |
+====+=====+=====+=====+=====+=====+=====+=====+=====+
|  0 |   0 |   7 |   4 |   5 |   0 |   0 |   0 |   0 |
+----+-----+-----+-----+-----+-----+-----+-----+-----+
|  1 |  -7 |   0 |   0 |   0 |   1 |   6 |   0 |   0 |
+----+-----+-----+-----+-----+-----+-----+-----+-----+
|  2 |  -4 |   0 |   0 |   0 |   0 |   2 |   2 |   0 |
+----+-----+-----+-----+-----+-----+-----+-----+-----+
|  3 |  -5 |   0 |   0 |   0 |   0 |   0 |   0 |   5 |
+----+-----+-----+-----+-----+-----+-----+-----+-----+
|  4 |   0 |  -1 |   0 |   0 |   0 |   0 |   0 |   1 |
+----+-----+-----+-----+-----+-----+-----+-----+-----+
|  5 |   0 |  -6 |  -2 |   0 |   0 |   0 |   0 |   8 |
+----+-----+-----+-----+-----+-----+-----+-----+-----+
|  6 |   0 |   0 |  -2 |   0 |   0 |   0 |   0 |   1 |
+----+-----+-----+-----+-----+-----+-----+-----+-----+
|  7 |   0 |   0 |   0 |  -5 |  -1 |  -8 |  -1 |   0 |
+----+-----+-----+-----+-----+-----+-----+-----+-----+
On pousse le flot du sommet 6 vers le sommet 2
Quantité de flot poussée : 1

Itération : 42
+---------+-----------+---------+
|   Noeud |   Hauteur |   Excès |
+=========+===========+=========+
|       0 |         8 |     -16 |
+---------+-----------+---------+
|       1 |         7 |       0 |
+---------+-----------+---------+
|       2 |         5 |       1 |
+---------+-----------+---------+
|       3 |         1 |       0 |
+---------+-----------+---------+
|       4 |         1 |       0 |
+---------+-----------+---------+
|       5 |         6 |       0 |
+---------+-----------+---------+
|       6 |         6 |       0 |
+---------+-----------+---------+
|       7 |         0 |      15 |
+---------+-----------+---------+

Flot actuel :
+----+-----+-----+-----+-----+-----+-----+-----+-----+
|    |   0 |   1 |   2 |   3 |   4 |   5 |   6 |   7 |
+====+=====+=====+=====+=====+=====+=====+=====+=====+
|  0 |   0 |   7 |   4 |   5 |   0 |   0 |   0 |   0 |
+----+-----+-----+-----+-----+-----+-----+-----+-----+
|  1 |  -7 |   0 |   0 |   0 |   1 |   6 |   0 |   0 |
+----+-----+-----+-----+-----+-----+-----+-----+-----+
|  2 |  -4 |   0 |   0 |   0 |   0 |   2 |   1 |   0 |
+----+-----+-----+-----+-----+-----+-----+-----+-----+
|  3 |  -5 |   0 |   0 |   0 |   0 |   0 |   0 |   5 |
+----+-----+-----+-----+-----+-----+-----+-----+-----+
|  4 |   0 |  -1 |   0 |   0 |   0 |   0 |   0 |   1 |
+----+-----+-----+-----+-----+-----+-----+-----+-----+
|  5 |   0 |  -6 |  -2 |   0 |   0 |   0 |   0 |   8 |
+----+-----+-----+-----+-----+-----+-----+-----+-----+
|  6 |   0 |   0 |  -1 |   0 |   0 |   0 |   0 |   1 |
+----+-----+-----+-----+-----+-----+-----+-----+-----+
|  7 |   0 |   0 |   0 |  -5 |  -1 |  -8 |  -1 |   0 |
+----+-----+-----+-----+-----+-----+-----+-----+-----+
Reetiquetage du sommet 2
Nouvelle hauteur : 7

Itération : 43
+---------+-----------+---------+
|   Noeud |   Hauteur |   Excès |
+=========+===========+=========+
|       0 |         8 |     -16 |
+---------+-----------+---------+
|       1 |         7 |       0 |
+---------+-----------+---------+
|       2 |         7 |       1 |
+---------+-----------+---------+
|       3 |         1 |       0 |
+---------+-----------+---------+
|       4 |         1 |       0 |
+---------+-----------+---------+
|       5 |         6 |       0 |
+---------+-----------+---------+
|       6 |         6 |       0 |
+---------+-----------+---------+
|       7 |         0 |      15 |
+---------+-----------+---------+

Flot actuel :
+----+-----+-----+-----+-----+-----+-----+-----+-----+
|    |   0 |   1 |   2 |   3 |   4 |   5 |   6 |   7 |
+====+=====+=====+=====+=====+=====+=====+=====+=====+
|  0 |   0 |   7 |   4 |   5 |   0 |   0 |   0 |   0 |
+----+-----+-----+-----+-----+-----+-----+-----+-----+
|  1 |  -7 |   0 |   0 |   0 |   1 |   6 |   0 |   0 |
+----+-----+-----+-----+-----+-----+-----+-----+-----+
|  2 |  -4 |   0 |   0 |   0 |   0 |   2 |   1 |   0 |
+----+-----+-----+-----+-----+-----+-----+-----+-----+
|  3 |  -5 |   0 |   0 |   0 |   0 |   0 |   0 |   5 |
+----+-----+-----+-----+-----+-----+-----+-----+-----+
|  4 |   0 |  -1 |   0 |   0 |   0 |   0 |   0 |   1 |
+----+-----+-----+-----+-----+-----+-----+-----+-----+
|  5 |   0 |  -6 |  -2 |   0 |   0 |   0 |   0 |   8 |
+----+-----+-----+-----+-----+-----+-----+-----+-----+
|  6 |   0 |   0 |  -1 |   0 |   0 |   0 |   0 |   1 |
+----+-----+-----+-----+-----+-----+-----+-----+-----+
|  7 |   0 |   0 |   0 |  -5 |  -1 |  -8 |  -1 |   0 |
+----+-----+-----+-----+-----+-----+-----+-----+-----+
On pousse le flot du sommet 2 vers le sommet 5
Quantité de flot poussée : 1

Itération : 44
+---------+-----------+---------+
|   Noeud |   Hauteur |   Excès |
+=========+===========+=========+
|       0 |         8 |     -16 |
+---------+-----------+---------+
|       1 |         7 |       0 |
+---------+-----------+---------+
|       2 |         7 |       0 |
+---------+-----------+---------+
|       3 |         1 |       0 |
+---------+-----------+---------+
|       4 |         1 |       0 |
+---------+-----------+---------+
|       5 |         6 |       1 |
+---------+-----------+---------+
|       6 |         6 |       0 |
+---------+-----------+---------+
|       7 |         0 |      15 |
+---------+-----------+---------+

Flot actuel :
+----+-----+-----+-----+-----+-----+-----+-----+-----+
|    |   0 |   1 |   2 |   3 |   4 |   5 |   6 |   7 |
+====+=====+=====+=====+=====+=====+=====+=====+=====+
|  0 |   0 |   7 |   4 |   5 |   0 |   0 |   0 |   0 |
+----+-----+-----+-----+-----+-----+-----+-----+-----+
|  1 |  -7 |   0 |   0 |   0 |   1 |   6 |   0 |   0 |
+----+-----+-----+-----+-----+-----+-----+-----+-----+
|  2 |  -4 |   0 |   0 |   0 |   0 |   3 |   1 |   0 |
+----+-----+-----+-----+-----+-----+-----+-----+-----+
|  3 |  -5 |   0 |   0 |   0 |   0 |   0 |   0 |   5 |
+----+-----+-----+-----+-----+-----+-----+-----+-----+
|  4 |   0 |  -1 |   0 |   0 |   0 |   0 |   0 |   1 |
+----+-----+-----+-----+-----+-----+-----+-----+-----+
|  5 |   0 |  -6 |  -3 |   0 |   0 |   0 |   0 |   8 |
+----+-----+-----+-----+-----+-----+-----+-----+-----+
|  6 |   0 |   0 |  -1 |   0 |   0 |   0 |   0 |   1 |
+----+-----+-----+-----+-----+-----+-----+-----+-----+
|  7 |   0 |   0 |   0 |  -5 |  -1 |  -8 |  -1 |   0 |
+----+-----+-----+-----+-----+-----+-----+-----+-----+
Reetiquetage du sommet 5
Nouvelle hauteur : 8

Itération : 45
+---------+-----------+---------+
|   Noeud |   Hauteur |   Excès |
+=========+===========+=========+
|       0 |         8 |     -16 |
+---------+-----------+---------+
|       1 |         7 |       0 |
+---------+-----------+---------+
|       2 |         7 |       0 |
+---------+-----------+---------+
|       3 |         1 |       0 |
+---------+-----------+---------+
|       4 |         1 |       0 |
+---------+-----------+---------+
|       5 |         8 |       1 |
+---------+-----------+---------+
|       6 |         6 |       0 |
+---------+-----------+---------+
|       7 |         0 |      15 |
+---------+-----------+---------+

Flot actuel :
+----+-----+-----+-----+-----+-----+-----+-----+-----+
|    |   0 |   1 |   2 |   3 |   4 |   5 |   6 |   7 |
+====+=====+=====+=====+=====+=====+=====+=====+=====+
|  0 |   0 |   7 |   4 |   5 |   0 |   0 |   0 |   0 |
+----+-----+-----+-----+-----+-----+-----+-----+-----+
|  1 |  -7 |   0 |   0 |   0 |   1 |   6 |   0 |   0 |
+----+-----+-----+-----+-----+-----+-----+-----+-----+
|  2 |  -4 |   0 |   0 |   0 |   0 |   3 |   1 |   0 |
+----+-----+-----+-----+-----+-----+-----+-----+-----+
|  3 |  -5 |   0 |   0 |   0 |   0 |   0 |   0 |   5 |
+----+-----+-----+-----+-----+-----+-----+-----+-----+
|  4 |   0 |  -1 |   0 |   0 |   0 |   0 |   0 |   1 |
+----+-----+-----+-----+-----+-----+-----+-----+-----+
|  5 |   0 |  -6 |  -3 |   0 |   0 |   0 |   0 |   8 |
+----+-----+-----+-----+-----+-----+-----+-----+-----+
|  6 |   0 |   0 |  -1 |   0 |   0 |   0 |   0 |   1 |
+----+-----+-----+-----+-----+-----+-----+-----+-----+
|  7 |   0 |   0 |   0 |  -5 |  -1 |  -8 |  -1 |   0 |
+----+-----+-----+-----+-----+-----+-----+-----+-----+
On pousse le flot du sommet 5 vers le sommet 1
Quantité de flot poussée : 1

Itération : 46
+---------+-----------+---------+
|   Noeud |   Hauteur |   Excès |
+=========+===========+=========+
|       0 |         8 |     -16 |
+---------+-----------+---------+
|       1 |         7 |       1 |
+---------+-----------+---------+
|       2 |         7 |       0 |
+---------+-----------+---------+
|       3 |         1 |       0 |
+---------+-----------+---------+
|       4 |         1 |       0 |
+---------+-----------+---------+
|       5 |         8 |       0 |
+---------+-----------+---------+
|       6 |         6 |       0 |
+---------+-----------+---------+
|       7 |         0 |      15 |
+---------+-----------+---------+

Flot actuel :
+----+-----+-----+-----+-----+-----+-----+-----+-----+
|    |   0 |   1 |   2 |   3 |   4 |   5 |   6 |   7 |
+====+=====+=====+=====+=====+=====+=====+=====+=====+
|  0 |   0 |   7 |   4 |   5 |   0 |   0 |   0 |   0 |
+----+-----+-----+-----+-----+-----+-----+-----+-----+
|  1 |  -7 |   0 |   0 |   0 |   1 |   5 |   0 |   0 |
+----+-----+-----+-----+-----+-----+-----+-----+-----+
|  2 |  -4 |   0 |   0 |   0 |   0 |   3 |   1 |   0 |
+----+-----+-----+-----+-----+-----+-----+-----+-----+
|  3 |  -5 |   0 |   0 |   0 |   0 |   0 |   0 |   5 |
+----+-----+-----+-----+-----+-----+-----+-----+-----+
|  4 |   0 |  -1 |   0 |   0 |   0 |   0 |   0 |   1 |
+----+-----+-----+-----+-----+-----+-----+-----+-----+
|  5 |   0 |  -5 |  -3 |   0 |   0 |   0 |   0 |   8 |
+----+-----+-----+-----+-----+-----+-----+-----+-----+
|  6 |   0 |   0 |  -1 |   0 |   0 |   0 |   0 |   1 |
+----+-----+-----+-----+-----+-----+-----+-----+-----+
|  7 |   0 |   0 |   0 |  -5 |  -1 |  -8 |  -1 |   0 |
+----+-----+-----+-----+-----+-----+-----+-----+-----+
Reetiquetage du sommet 1
Nouvelle hauteur : 9

Itération : 47
+---------+-----------+---------+
|   Noeud |   Hauteur |   Excès |
+=========+===========+=========+
|       0 |         8 |     -16 |
+---------+-----------+---------+
|       1 |         9 |       1 |
+---------+-----------+---------+
|       2 |         7 |       0 |
+---------+-----------+---------+
|       3 |         1 |       0 |
+---------+-----------+---------+
|       4 |         1 |       0 |
+---------+-----------+---------+
|       5 |         8 |       0 |
+---------+-----------+---------+
|       6 |         6 |       0 |
+---------+-----------+---------+
|       7 |         0 |      15 |
+---------+-----------+---------+

Flot actuel :
+----+-----+-----+-----+-----+-----+-----+-----+-----+
|    |   0 |   1 |   2 |   3 |   4 |   5 |   6 |   7 |
+====+=====+=====+=====+=====+=====+=====+=====+=====+
|  0 |   0 |   7 |   4 |   5 |   0 |   0 |   0 |   0 |
+----+-----+-----+-----+-----+-----+-----+-----+-----+
|  1 |  -7 |   0 |   0 |   0 |   1 |   5 |   0 |   0 |
+----+-----+-----+-----+-----+-----+-----+-----+-----+
|  2 |  -4 |   0 |   0 |   0 |   0 |   3 |   1 |   0 |
+----+-----+-----+-----+-----+-----+-----+-----+-----+
|  3 |  -5 |   0 |   0 |   0 |   0 |   0 |   0 |   5 |
+----+-----+-----+-----+-----+-----+-----+-----+-----+
|  4 |   0 |  -1 |   0 |   0 |   0 |   0 |   0 |   1 |
+----+-----+-----+-----+-----+-----+-----+-----+-----+
|  5 |   0 |  -5 |  -3 |   0 |   0 |   0 |   0 |   8 |
+----+-----+-----+-----+-----+-----+-----+-----+-----+
|  6 |   0 |   0 |  -1 |   0 |   0 |   0 |   0 |   1 |
+----+-----+-----+-----+-----+-----+-----+-----+-----+
|  7 |   0 |   0 |   0 |  -5 |  -1 |  -8 |  -1 |   0 |
+----+-----+-----+-----+-----+-----+-----+-----+-----+
On pousse le flot du sommet 1 vers le sommet 0
Quantité de flot poussée : 1

Itération : 48
+---------+-----------+---------+
|   Noeud |   Hauteur |   Excès |
+=========+===========+=========+
|       0 |         8 |     -15 |
+---------+-----------+---------+
|       1 |         9 |       0 |
+---------+-----------+---------+
|       2 |         7 |       0 |
+---------+-----------+---------+
|       3 |         1 |       0 |
+---------+-----------+---------+
|       4 |         1 |       0 |
+---------+-----------+---------+
|       5 |         8 |       0 |
+---------+-----------+---------+
|       6 |         6 |       0 |
+---------+-----------+---------+
|       7 |         0 |      15 |
+---------+-----------+---------+

Flot actuel :
+----+-----+-----+-----+-----+-----+-----+-----+-----+
|    |   0 |   1 |   2 |   3 |   4 |   5 |   6 |   7 |
+====+=====+=====+=====+=====+=====+=====+=====+=====+
|  0 |   0 |   6 |   4 |   5 |   0 |   0 |   0 |   0 |
+----+-----+-----+-----+-----+-----+-----+-----+-----+
|  1 |  -6 |   0 |   0 |   0 |   1 |   5 |   0 |   0 |
+----+-----+-----+-----+-----+-----+-----+-----+-----+
|  2 |  -4 |   0 |   0 |   0 |   0 |   3 |   1 |   0 |
+----+-----+-----+-----+-----+-----+-----+-----+-----+
|  3 |  -5 |   0 |   0 |   0 |   0 |   0 |   0 |   5 |
+----+-----+-----+-----+-----+-----+-----+-----+-----+
|  4 |   0 |  -1 |   0 |   0 |   0 |   0 |   0 |   1 |
+----+-----+-----+-----+-----+-----+-----+-----+-----+
|  5 |   0 |  -5 |  -3 |   0 |   0 |   0 |   0 |   8 |
+----+-----+-----+-----+-----+-----+-----+-----+-----+
|  6 |   0 |   0 |  -1 |   0 |   0 |   0 |   0 |   1 |
+----+-----+-----+-----+-----+-----+-----+-----+-----+
|  7 |   0 |   0 |   0 |  -5 |  -1 |  -8 |  -1 |   0 |
+----+-----+-----+-----+-----+-----+-----+-----+-----+

Flot maximal : 15