Itération : 0
+---------+-----------+---------+
|   Noeud |   Hauteur |   Excès |
+=========+===========+=========+
|       0 |         8 |     -14 |
+---------+-----------+---------+
|       1 |         0 |       5 |
+---------+-----------+---------+
|       2 |         0 |       9 |
+---------+-----------+---------+
|       3 |         0 |       0 |
+---------+-----------+---------+
|       4 |         0 |       0 |
+---------+-----------+---------+
|       5 |         0 |       0 |
+---------+-----------+---------+
|       6 |         0 |       0 |
+---------+-----------+---------+
|       7 |         0 |       0 |
+---------+-----------+---------+

Flot actuel :
+----+-----+-----+-----+-----+-----+-----+-----+-----+
|    |   0 |   1 |   2 |   3 |   4 |   5 |   6 |   7 |
+====+=====+=====+=====+=====+=====+=====+=====+=====+
|  0 |   0 |   5 |   9 |   0 |   0 |   0 |   0 |   0 |
+----+-----+-----+-----+-----+-----+-----+-----+-----+
|  1 |  -5 |   0 |   0 |   0 |   0 |   0 |   0 |   0 |
+----+-----+-----+-----+-----+-----+-----+-----+-----+
|  2 |  -9 |   0 |   0 |   0 |   0 |   0 |   0 |   0 |
+----+-----+-----+-----+-----+-----+-----+-----+-----+
|  3 |   0 |   0 |   0 |   0 |   0 |   0 |   0 |   0 |
+----+-----+-----+-----+-----+-----+-----+-----+-----+
|  4 |   0 |   0 |   0 |   0 |   0 |   0 |   0 |   0 |
+----+-----+-----+-----+-----+-----+-----+-----+-----+
|  5 |   0 |   0 |   0 |   0 |   0 |   0 |   0 |   0 |
+----+-----+-----+-----+-----+-----+-----+-----+-----+
|  6 |   0 |   0 |   0 |   0 |   0 |   0 |   0 |   0 |
+----+-----+-----+-----+-----+-----+-----+-----+-----+
|  7 |   0 |   0 |   0 |   0 |   0 |   0 |   0 |   0 |
+----+-----+-----+-----+-----+-----+-----+-----+-----+
Reetiquetage du sommet 1
Nouvelle hauteur : 1

Itération : 1
+---------+-----------+---------+
|   Noeud |   Hauteur |   Excès |
+=========+===========+=========+
|       0 |         8 |     -14 |
+---------+-----------+---------+
|       1 |         1 |       5 |
+---------+-----------+---------+
|       2 |         0 |       9 |
+---------+-----------+---------+
|       3 |         0 |       0 |
+---------+-----------+---------+
|       4 |         0 |       0 |
+---------+-----------+---------+
|       5 |         0 |       0 |
+---------+-----------+---------+
|       6 |         0 |       0 |
+---------+-----------+---------+
|       7 |         0 |       0 |
+---------+-----------+---------+

Flot actuel :
+----+-----+-----+-----+-----+-----+-----+-----+-----+
|    |   0 |   1 |   2 |   3 |   4 |   5 |   6 |   7 |
+====+=====+=====+=====+=====+=====+=====+=====+=====+
|  0 |   0 |   5 |   9 |   0 |   0 |   0 |   0 |   0 |
+----+-----+-----+-----+-----+-----+-----+-----+-----+
|  1 |  -5 |   0 |   0 |   0 |   0 |   0 |   0 |   0 |
+----+-----+-----+-----+-----+-----+-----+-----+-----+
|  2 |  -9 |   0 |   0 |   0 |   0 |   0 |   0 |   0 |
+----+-----+-----+-----+-----+-----+-----+-----+-----+
|  3 |   0 |   0 |   0 |   0 |   0 |   0 |   0 |   0 |
+----+-----+-----+-----+-----+-----+-----+-----+-----+
|  4 |   0 |   0 |   0 |   0 |   0 |   0 |   0 |   0 |
+----+-----+-----+-----+-----+-----+-----+-----+-----+
|  5 |   0 |   0 |   0 |   0 |   0 |   0 |   0 |   0 |
+----+-----+-----+-----+-----+-----+-----+-----+-----+
|  6 |   0 |   0 |   0 |   0 |   0 |   0 |   0 |   0 |
+----+-----+-----+-----+-----+-----+-----+-----+-----+
|  7 |   0 |   0 |   0 |   0 |   0 |   0 |   0 |   0 |
+----+-----+-----+-----+-----+-----+-----+-----+-----+
On pousse le flot du sommet 1 vers le sommet 2
Quantité de flot poussée : 5

Itération : 2
+---------+-----------+---------+
|   Noeud |   Hauteur |   Excès |
+=========+===========+=========+
|       0 |         8 |     -14 |
+---------+-----------+---------+
|       1 |         1 |       0 |
+---------+-----------+---------+
|       2 |         0 |      14 |
+---------+-----------+---------+
|       3 |         0 |       0 |
+---------+-----------+---------+
|       4 |         0 |       0 |
+---------+-----------+---------+
|       5 |         0 |       0 |
+---------+-----------+---------+
|       6 |         0 |       0 |
+---------+-----------+---------+
|       7 |         0 |       0 |
+---------+-----------+---------+

Flot actuel :
+----+-----+-----+-----+-----+-----+-----+-----+-----+
|    |   0 |   1 |   2 |   3 |   4 |   5 |   6 |   7 |
+====+=====+=====+=====+=====+=====+=====+=====+=====+
|  0 |   0 |   5 |   9 |   0 |   0 |   0 |   0 |   0 |
+----+-----+-----+-----+-----+-----+-----+-----+-----+
|  1 |  -5 |   0 |   5 |   0 |   0 |   0 |   0 |   0 |
+----+-----+-----+-----+-----+-----+-----+-----+-----+
|  2 |  -9 |  -5 |   0 |   0 |   0 |   0 |   0 |   0 |
+----+-----+-----+-----+-----+-----+-----+-----+-----+
|  3 |   0 |   0 |   0 |   0 |   0 |   0 |   0 |   0 |
+----+-----+-----+-----+-----+-----+-----+-----+-----+
|  4 |   0 |   0 |   0 |   0 |   0 |   0 |   0 |   0 |
+----+-----+-----+-----+-----+-----+-----+-----+-----+
|  5 |   0 |   0 |   0 |   0 |   0 |   0 |   0 |   0 |
+----+-----+-----+-----+-----+-----+-----+-----+-----+
|  6 |   0 |   0 |   0 |   0 |   0 |   0 |   0 |   0 |
+----+-----+-----+-----+-----+-----+-----+-----+-----+
|  7 |   0 |   0 |   0 |   0 |   0 |   0 |   0 |   0 |
+----+-----+-----+-----+-----+-----+-----+-----+-----+
Reetiquetage du sommet 2
Nouvelle hauteur : 1

Itération : 3
+---------+-----------+---------+
|   Noeud |   Hauteur |   Excès |
+=========+===========+=========+
|       0 |         8 |     -14 |
+---------+-----------+---------+
|       1 |         1 |       0 |
+---------+-----------+---------+
|       2 |         1 |      14 |
+---------+-----------+---------+
|       3 |         0 |       0 |
+---------+-----------+---------+
|       4 |         0 |       0 |
+---------+-----------+---------+
|       5 |         0 |       0 |
+---------+-----------+---------+
|       6 |         0 |       0 |
+---------+-----------+---------+
|       7 |         0 |       0 |
+---------+-----------+---------+

Flot actuel :
+----+-----+-----+-----+-----+-----+-----+-----+-----+
|    |   0 |   1 |   2 |   3 |   4 |   5 |   6 |   7 |
+====+=====+=====+=====+=====+=====+=====+=====+=====+
|  0 |   0 |   5 |   9 |   0 |   0 |   0 |   0 |   0 |
+----+-----+-----+-----+-----+-----+-----+-----+-----+
|  1 |  -5 |   0 |   5 |   0 |   0 |   0 |   0 |   0 |
+----+-----+-----+-----+-----+-----+-----+-----+-----+
|  2 |  -9 |  -5 |   0 |   0 |   0 |   0 |   0 |   0 |
+----+-----+-----+-----+-----+-----+-----+-----+-----+
|  3 |   0 |   0 |   0 |   0 |   0 |   0 |   0 |   0 |
+----+-----+-----+-----+-----+-----+-----+-----+-----+
|  4 |   0 |   0 |   0 |   0 |   0 |   0 |   0 |   0 |
+----+-----+-----+-----+-----+-----+-----+-----+-----+
|  5 |   0 |   0 |   0 |   0 |   0 |   0 |   0 |   0 |
+----+-----+-----+-----+-----+-----+-----+-----+-----+
|  6 |   0 |   0 |   0 |   0 |   0 |   0 |   0 |   0 |
+----+-----+-----+-----+-----+-----+-----+-----+-----+
|  7 |   0 |   0 |   0 |   0 |   0 |   0 |   0 |   0 |
+----+-----+-----+-----+-----+-----+-----+-----+-----+
On pousse le flot du sommet 2 vers le sommet 4
Quantité de flot poussée : 4
On pousse le flot du sommet 2 vers le sommet 5
Quantité de flot poussée : 3

Itération : 4
+---------+-----------+---------+
|   Noeud |   Hauteur |   Excès |
+=========+===========+=========+
|       0 |         8 |     -14 |
+---------+-----------+---------+
|       1 |         1 |       0 |
+---------+-----------+---------+
|       2 |         1 |       7 |
+---------+-----------+---------+
|       3 |         0 |       0 |
+---------+-----------+---------+
|       4 |         0 |       4 |
+---------+-----------+---------+
|       5 |         0 |       3 |
+---------+-----------+---------+
|       6 |         0 |       0 |
+---------+-----------+---------+
|       7 |         0 |       0 |
+---------+-----------+---------+

Flot actuel :
+----+-----+-----+-----+-----+-----+-----+-----+-----+
|    |   0 |   1 |   2 |   3 |   4 |   5 |   6 |   7 |
+====+=====+=====+=====+=====+=====+=====+=====+=====+
|  0 |   0 |   5 |   9 |   0 |   0 |   0 |   0 |   0 |
+----+-----+-----+-----+-----+-----+-----+-----+-----+
|  1 |  -5 |   0 |   5 |   0 |   0 |   0 |   0 |   0 |
+----+-----+-----+-----+-----+-----+-----+-----+-----+
|  2 |  -9 |  -5 |   0 |   0 |   4 |   3 |   0 |   0 |
+----+-----+-----+-----+-----+-----+-----+-----+-----+
|  3 |   0 |   0 |   0 |   0 |   0 |   0 |   0 |   0 |
+----+-----+-----+-----+-----+-----+-----+-----+-----+
|  4 |   0 |   0 |  -4 |   0 |   0 |   0 |   0 |   0 |
+----+-----+-----+-----+-----+-----+-----+-----+-----+
|  5 |   0 |   0 |  -3 |   0 |   0 |   0 |   0 |   0 |
+----+-----+-----+-----+-----+-----+-----+-----+-----+
|  6 |   0 |   0 |   0 |   0 |   0 |   0 |   0 |   0 |
+----+-----+-----+-----+-----+-----+-----+-----+-----+
|  7 |   0 |   0 |   0 |   0 |   0 |   0 |   0 |   0 |
+----+-----+-----+-----+-----+-----+-----+-----+-----+
Reetiquetage du sommet 2
Nouvelle hauteur : 2

Itération : 5
+---------+-----------+---------+
|   Noeud |   Hauteur |   Excès |
+=========+===========+=========+
|       0 |         8 |     -14 |
+---------+-----------+---------+
|       1 |         1 |       0 |
+---------+-----------+---------+
|       2 |         2 |       7 |
+---------+-----------+---------+
|       3 |         0 |       0 |
+---------+-----------+---------+
|       4 |         0 |       4 |
+---------+-----------+---------+
|       5 |         0 |       3 |
+---------+-----------+---------+
|       6 |         0 |       0 |
+---------+-----------+---------+
|       7 |         0 |       0 |
+---------+-----------+---------+

Flot actuel :
+----+-----+-----+-----+-----+-----+-----+-----+-----+
|    |   0 |   1 |   2 |   3 |   4 |   5 |   6 |   7 |
+====+=====+=====+=====+=====+=====+=====+=====+=====+
|  0 |   0 |   5 |   9 |   0 |   0 |   0 |   0 |   0 |
+----+-----+-----+-----+-----+-----+-----+-----+-----+
|  1 |  -5 |   0 |   5 |   0 |   0 |   0 |   0 |   0 |
+----+-----+-----+-----+-----+-----+-----+-----+-----+
|  2 |  -9 |  -5 |   0 |   0 |   4 |   3 |   0 |   0 |
+----+-----+-----+-----+-----+-----+-----+-----+-----+
|  3 |   0 |   0 |   0 |   0 |   0 |   0 |   0 |   0 |
+----+-----+-----+-----+-----+-----+-----+-----+-----+
|  4 |   0 |   0 |  -4 |   0 |   0 |   0 |   0 |   0 |
+----+-----+-----+-----+-----+-----+-----+-----+-----+
|  5 |   0 |   0 |  -3 |   0 |   0 |   0 |   0 |   0 |
+----+-----+-----+-----+-----+-----+-----+-----+-----+
|  6 |   0 |   0 |   0 |   0 |   0 |   0 |   0 |   0 |
+----+-----+-----+-----+-----+-----+-----+-----+-----+
|  7 |   0 |   0 |   0 |   0 |   0 |   0 |   0 |   0 |
+----+-----+-----+-----+-----+-----+-----+-----+-----+
On pousse le flot du sommet 2 vers le sommet 1
Quantité de flot poussée : 5

Itération : 6
+---------+-----------+---------+
|   Noeud |   Hauteur |   Excès |
+=========+===========+=========+
|       0 |         8 |     -14 |
+---------+-----------+---------+
|       1 |         1 |       5 |
+---------+-----------+---------+
|       2 |         2 |       2 |
+---------+-----------+---------+
|       3 |         0 |       0 |
+---------+-----------+---------+
|       4 |         0 |       4 |
+---------+-----------+---------+
|       5 |         0 |       3 |
+---------+-----------+---------+
|       6 |         0 |       0 |
+---------+-----------+---------+
|       7 |         0 |       0 |
+---------+-----------+---------+

Flot actuel :
+----+-----+-----+-----+-----+-----+-----+-----+-----+
|    |   0 |   1 |   2 |   3 |   4 |   5 |   6 |   7 |
+====+=====+=====+=====+=====+=====+=====+=====+=====+
|  0 |   0 |   5 |   9 |   0 |   0 |   0 |   0 |   0 |
+----+-----+-----+-----+-----+-----+-----+-----+-----+
|  1 |  -5 |   0 |   0 |   0 |   0 |   0 |   0 |   0 |
+----+-----+-----+-----+-----+-----+-----+-----+-----+
|  2 |  -9 |   0 |   0 |   0 |   4 |   3 |   0 |   0 |
+----+-----+-----+-----+-----+-----+-----+-----+-----+
|  3 |   0 |   0 |   0 |   0 |   0 |   0 |   0 |   0 |
+----+-----+-----+-----+-----+-----+-----+-----+-----+
|  4 |   0 |   0 |  -4 |   0 |   0 |   0 |   0 |   0 |
+----+-----+-----+-----+-----+-----+-----+-----+-----+
|  5 |   0 |   0 |  -3 |   0 |   0 |   0 |   0 |   0 |
+----+-----+-----+-----+-----+-----+-----+-----+-----+
|  6 |   0 |   0 |   0 |   0 |   0 |   0 |   0 |   0 |
+----+-----+-----+-----+-----+-----+-----+-----+-----+
|  7 |   0 |   0 |   0 |   0 |   0 |   0 |   0 |   0 |
+----+-----+-----+-----+-----+-----+-----+-----+-----+
Reetiquetage du sommet 2
Nouvelle hauteur : 9

Itération : 7
+---------+-----------+---------+
|   Noeud |   Hauteur |   Excès |
+=========+===========+=========+
|       0 |         8 |     -14 |
+---------+-----------+---------+
|       1 |         1 |       5 |
+---------+-----------+---------+
|       2 |         9 |       2 |
+---------+-----------+---------+
|       3 |         0 |       0 |
+---------+-----------+---------+
|       4 |         0 |       4 |
+---------+-----------+---------+
|       5 |         0 |       3 |
+---------+-----------+---------+
|       6 |         0 |       0 |
+---------+-----------+---------+
|       7 |         0 |       0 |
+---------+-----------+---------+

Flot actuel :
+----+-----+-----+-----+-----+-----+-----+-----+-----+
|    |   0 |   1 |   2 |   3 |   4 |   5 |   6 |   7 |
+====+=====+=====+=====+=====+=====+=====+=====+=====+
|  0 |   0 |   5 |   9 |   0 |   0 |   0 |   0 |   0 |
+----+-----+-----+-----+-----+-----+-----+-----+-----+
|  1 |  -5 |   0 |   0 |   0 |   0 |   0 |   0 |   0 |
+----+-----+-----+-----+-----+-----+-----+-----+-----+
|  2 |  -9 |   0 |   0 |   0 |   4 |   3 |   0 |   0 |
+----+-----+-----+-----+-----+-----+-----+-----+-----+
|  3 |   0 |   0 |   0 |   0 |   0 |   0 |   0 |   0 |
+----+-----+-----+-----+-----+-----+-----+-----+-----+
|  4 |   0 |   0 |  -4 |   0 |   0 |   0 |   0 |   0 |
+----+-----+-----+-----+-----+-----+-----+-----+-----+
|  5 |   0 |   0 |  -3 |   0 |   0 |   0 |   0 |   0 |
+----+-----+-----+-----+-----+-----+-----+-----+-----+
|  6 |   0 |   0 |   0 |   0 |   0 |   0 |   0 |   0 |
+----+-----+-----+-----+-----+-----+-----+-----+-----+
|  7 |   0 |   0 |   0 |   0 |   0 |   0 |   0 |   0 |
+----+-----+-----+-----+-----+-----+-----+-----+-----+
On pousse le flot du sommet 2 vers le sommet 0
Quantité de flot poussée : 2

Itération : 8
+---------+-----------+---------+
|   Noeud |   Hauteur |   Excès |
+=========+===========+=========+
|       0 |         8 |     -12 |
+---------+-----------+---------+
|       1 |         1 |       5 |
+---------+-----------+---------+
|       2 |         9 |       0 |
+---------+-----------+---------+
|       3 |         0 |       0 |
+---------+-----------+---------+
|       4 |         0 |       4 |
+---------+-----------+---------+
|       5 |         0 |       3 |
+---------+-----------+---------+
|       6 |         0 |       0 |
+---------+-----------+---------+
|       7 |         0 |       0 |
+---------+-----------+---------+

Flot actuel :
+----+-----+-----+-----+-----+-----+-----+-----+-----+
|    |   0 |   1 |   2 |   3 |   4 |   5 |   6 |   7 |
+====+=====+=====+=====+=====+=====+=====+=====+=====+
|  0 |   0 |   5 |   7 |   0 |   0 |   0 |   0 |   0 |
+----+-----+-----+-----+-----+-----+-----+-----+-----+
|  1 |  -5 |   0 |   0 |   0 |   0 |   0 |   0 |   0 |
+----+-----+-----+-----+-----+-----+-----+-----+-----+
|  2 |  -7 |   0 |   0 |   0 |   4 |   3 |   0 |   0 |
+----+-----+-----+-----+-----+-----+-----+-----+-----+
|  3 |   0 |   0 |   0 |   0 |   0 |   0 |   0 |   0 |
+----+-----+-----+-----+-----+-----+-----+-----+-----+
|  4 |   0 |   0 |  -4 |   0 |   0 |   0 |   0 |   0 |
+----+-----+-----+-----+-----+-----+-----+-----+-----+
|  5 |   0 |   0 |  -3 |   0 |   0 |   0 |   0 |   0 |
+----+-----+-----+-----+-----+-----+-----+-----+-----+
|  6 |   0 |   0 |   0 |   0 |   0 |   0 |   0 |   0 |
+----+-----+-----+-----+-----+-----+-----+-----+-----+
|  7 |   0 |   0 |   0 |   0 |   0 |   0 |   0 |   0 |
+----+-----+-----+-----+-----+-----+-----+-----+-----+
Reetiquetage du sommet 4
Nouvelle hauteur : 1

Itération : 9
+---------+-----------+---------+
|   Noeud |   Hauteur |   Excès |
+=========+===========+=========+
|       0 |         8 |     -12 |
+---------+-----------+---------+
|       1 |         1 |       5 |
+---------+-----------+---------+
|       2 |         9 |       0 |
+---------+-----------+---------+
|       3 |         0 |       0 |
+---------+-----------+---------+
|       4 |         1 |       4 |
+---------+-----------+---------+
|       5 |         0 |       3 |
+---------+-----------+---------+
|       6 |         0 |       0 |
+---------+-----------+---------+
|       7 |         0 |       0 |
+---------+-----------+---------+

Flot actuel :
+----+-----+-----+-----+-----+-----+-----+-----+-----+
|    |   0 |   1 |   2 |   3 |   4 |   5 |   6 |   7 |
+====+=====+=====+=====+=====+=====+=====+=====+=====+
|  0 |   0 |   5 |   7 |   0 |   0 |   0 |   0 |   0 |
+----+-----+-----+-----+-----+-----+-----+-----+-----+
|  1 |  -5 |   0 |   0 |   0 |   0 |   0 |   0 |   0 |
+----+-----+-----+-----+-----+-----+-----+-----+-----+
|  2 |  -7 |   0 |   0 |   0 |   4 |   3 |   0 |   0 |
+----+-----+-----+-----+-----+-----+-----+-----+-----+
|  3 |   0 |   0 |   0 |   0 |   0 |   0 |   0 |   0 |
+----+-----+-----+-----+-----+-----+-----+-----+-----+
|  4 |   0 |   0 |  -4 |   0 |   0 |   0 |   0 |   0 |
+----+-----+-----+-----+-----+-----+-----+-----+-----+
|  5 |   0 |   0 |  -3 |   0 |   0 |   0 |   0 |   0 |
+----+-----+-----+-----+-----+-----+-----+-----+-----+
|  6 |   0 |   0 |   0 |   0 |   0 |   0 |   0 |   0 |
+----+-----+-----+-----+-----+-----+-----+-----+-----+
|  7 |   0 |   0 |   0 |   0 |   0 |   0 |   0 |   0 |
+----+-----+-----+-----+-----+-----+-----+-----+-----+
On pousse le flot du sommet 4 vers le sommet 5
Quantité de flot poussée : 4

Itération : 10
+---------+-----------+---------+
|   Noeud |   Hauteur |   Excès |
+=========+===========+=========+
|       0 |         8 |     -12 |
+---------+-----------+---------+
|       1 |         1 |       5 |
+---------+-----------+---------+
|       2 |         9 |       0 |
+---------+-----------+---------+
|       3 |         0 |       0 |
+---------+-----------+---------+
|       4 |         1 |       0 |
+---------+-----------+---------+
|       5 |         0 |       7 |
+---------+-----------+---------+
|       6 |         0 |       0 |
+---------+-----------+---------+
|       7 |         0 |       0 |
+---------+-----------+---------+

Flot actuel :
+----+-----+-----+-----+-----+-----+-----+-----+-----+
|    |   0 |   1 |   2 |   3 |   4 |   5 |   6 |   7 |
+====+=====+=====+=====+=====+=====+=====+=====+=====+
|  0 |   0 |   5 |   7 |   0 |   0 |   0 |   0 |   0 |
+----+-----+-----+-----+-----+-----+-----+-----+-----+
|  1 |  -5 |   0 |   0 |   0 |   0 |   0 |   0 |   0 |
+----+-----+-----+-----+-----+-----+-----+-----+-----+
|  2 |  -7 |   0 |   0 |   0 |   4 |   3 |   0 |   0 |
+----+-----+-----+-----+-----+-----+-----+-----+-----+
|  3 |   0 |   0 |   0 |   0 |   0 |   0 |   0 |   0 |
+----+-----+-----+-----+-----+-----+-----+-----+-----+
|  4 |   0 |   0 |  -4 |   0 |   0 |   4 |   0 |   0 |
+----+-----+-----+-----+-----+-----+-----+-----+-----+
|  5 |   0 |   0 |  -3 |   0 |  -4 |   0 |   0 |   0 |
+----+-----+-----+-----+-----+-----+-----+-----+-----+
|  6 |   0 |   0 |   0 |   0 |   0 |   0 |   0 |   0 |
+----+-----+-----+-----+-----+-----+-----+-----+-----+
|  7 |   0 |   0 |   0 |   0 |   0 |   0 |   0 |   0 |
+----+-----+-----+-----+-----+-----+-----+-----+-----+
Reetiquetage du sommet 5
Nouvelle hauteur : 1

Itération : 11
+---------+-----------+---------+
|   Noeud |   Hauteur |   Excès |
+=========+===========+=========+
|       0 |         8 |     -12 |
+---------+-----------+---------+
|       1 |         1 |       5 |
+---------+-----------+---------+
|       2 |         9 |       0 |
+---------+-----------+---------+
|       3 |         0 |       0 |
+---------+-----------+---------+
|       4 |         1 |       0 |
+---------+-----------+---------+
|       5 |         1 |       7 |
+---------+-----------+---------+
|       6 |         0 |       0 |
+---------+-----------+---------+
|       7 |         0 |       0 |
+---------+-----------+---------+

Flot actuel :
+----+-----+-----+-----+-----+-----+-----+-----+-----+
|    |   0 |   1 |   2 |   3 |   4 |   5 |   6 |   7 |
+====+=====+=====+=====+=====+=====+=====+=====+=====+
|  0 |   0 |   5 |   7 |   0 |   0 |   0 |   0 |   0 |
+----+-----+-----+-----+-----+-----+-----+-----+-----+
|  1 |  -5 |   0 |   0 |   0 |   0 |   0 |   0 |   0 |
+----+-----+-----+-----+-----+-----+-----+-----+-----+
|  2 |  -7 |   0 |   0 |   0 |   4 |   3 |   0 |   0 |
+----+-----+-----+-----+-----+-----+-----+-----+-----+
|  3 |   0 |   0 |   0 |   0 |   0 |   0 |   0 |   0 |
+----+-----+-----+-----+-----+-----+-----+-----+-----+
|  4 |   0 |   0 |  -4 |   0 |   0 |   4 |   0 |   0 |
+----+-----+-----+-----+-----+-----+-----+-----+-----+
|  5 |   0 |   0 |  -3 |   0 |  -4 |   0 |   0 |   0 |
+----+-----+-----+-----+-----+-----+-----+-----+-----+
|  6 |   0 |   0 |   0 |   0 |   0 |   0 |   0 |   0 |
+----+-----+-----+-----+-----+-----+-----+-----+-----+
|  7 |   0 |   0 |   0 |   0 |   0 |   0 |   0 |   0 |
+----+-----+-----+-----+-----+-----+-----+-----+-----+
On pousse le flot du sommet 5 vers le sommet 7
Quantité de flot poussée : 5

Itération : 12
+---------+-----------+---------+
|   Noeud |   Hauteur |   Excès |
+=========+===========+=========+
|       0 |         8 |     -12 |
+---------+-----------+---------+
|       1 |         1 |       5 |
+---------+-----------+---------+
|       2 |         9 |       0 |
+---------+-----------+---------+
|       3 |         0 |       0 |
+---------+-----------+---------+
|       4 |         1 |       0 |
+---------+-----------+---------+
|       5 |         1 |       2 |
+---------+-----------+---------+
|       6 |         0 |       0 |
+---------+-----------+---------+
|       7 |         0 |       5 |
+---------+-----------+---------+

Flot actuel :
+----+-----+-----+-----+-----+-----+-----+-----+-----+
|    |   0 |   1 |   2 |   3 |   4 |   5 |   6 |   7 |
+====+=====+=====+=====+=====+=====+=====+=====+=====+
|  0 |   0 |   5 |   7 |   0 |   0 |   0 |   0 |   0 |
+----+-----+-----+-----+-----+-----+-----+-----+-----+
|  1 |  -5 |   0 |   0 |   0 |   0 |   0 |   0 |   0 |
+----+-----+-----+-----+-----+-----+-----+-----+-----+
|  2 |  -7 |   0 |   0 |   0 |   4 |   3 |   0 |   0 |
+----+-----+-----+-----+-----+-----+-----+-----+-----+
|  3 |   0 |   0 |   0 |   0 |   0 |   0 |   0 |   0 |
+----+-----+-----+-----+-----+-----+-----+-----+-----+
|  4 |   0 |   0 |  -4 |   0 |   0 |   4 |   0 |   0 |
+----+-----+-----+-----+-----+-----+-----+-----+-----+
|  5 |   0 |   0 |  -3 |   0 |  -4 |   0 |   0 |   5 |
+----+-----+-----+-----+-----+-----+-----+-----+-----+
|  6 |   0 |   0 |   0 |   0 |   0 |   0 |   0 |   0 |
+----+-----+-----+-----+-----+-----+-----+-----+-----+
|  7 |   0 |   0 |   0 |   0 |   0 |  -5 |   0 |   0 |
+----+-----+-----+-----+-----+-----+-----+-----+-----+
Reetiquetage du sommet 5
Nouvelle hauteur : 2

Itération : 13
+---------+-----------+---------+
|   Noeud |   Hauteur |   Excès |
+=========+===========+=========+
|       0 |         8 |     -12 |
+---------+-----------+---------+
|       1 |         1 |       5 |
+---------+-----------+---------+
|       2 |         9 |       0 |
+---------+-----------+---------+
|       3 |         0 |       0 |
+---------+-----------+---------+
|       4 |         1 |       0 |
+---------+-----------+---------+
|       5 |         2 |       2 |
+---------+-----------+---------+
|       6 |         0 |       0 |
+---------+-----------+---------+
|       7 |         0 |       5 |
+---------+-----------+---------+

Flot actuel :
+----+-----+-----+-----+-----+-----+-----+-----+-----+
|    |   0 |   1 |   2 |   3 |   4 |   5 |   6 |   7 |
+====+=====+=====+=====+=====+=====+=====+=====+=====+
|  0 |   0 |   5 |   7 |   0 |   0 |   0 |   0 |   0 |
+----+-----+-----+-----+-----+-----+-----+-----+-----+
|  1 |  -5 |   0 |   0 |   0 |   0 |   0 |   0 |   0 |
+----+-----+-----+-----+-----+-----+-----+-----+-----+
|  2 |  -7 |   0 |   0 |   0 |   4 |   3 |   0 |   0 |
+----+-----+-----+-----+-----+-----+-----+-----+-----+
|  3 |   0 |   0 |   0 |   0 |   0 |   0 |   0 |   0 |
+----+-----+-----+-----+-----+-----+-----+-----+-----+
|  4 |   0 |   0 |  -4 |   0 |   0 |   4 |   0 |   0 |
+----+-----+-----+-----+-----+-----+-----+-----+-----+
|  5 |   0 |   0 |  -3 |   0 |  -4 |   0 |   0 |   5 |
+----+-----+-----+-----+-----+-----+-----+-----+-----+
|  6 |   0 |   0 |   0 |   0 |   0 |   0 |   0 |   0 |
+----+-----+-----+-----+-----+-----+-----+-----+-----+
|  7 |   0 |   0 |   0 |   0 |   0 |  -5 |   0 |   0 |
+----+-----+-----+-----+-----+-----+-----+-----+-----+
On pousse le flot du sommet 5 vers le sommet 4
Quantité de flot poussée : 2

Itération : 14
+---------+-----------+---------+
|   Noeud |   Hauteur |   Excès |
+=========+===========+=========+
|       0 |         8 |     -12 |
+---------+-----------+---------+
|       1 |         1 |       5 |
+---------+-----------+---------+
|       2 |         9 |       0 |
+---------+-----------+---------+
|       3 |         0 |       0 |
+---------+-----------+---------+
|       4 |         1 |       2 |
+---------+-----------+---------+
|       5 |         2 |       0 |
+---------+-----------+---------+
|       6 |         0 |       0 |
+---------+-----------+---------+
|       7 |         0 |       5 |
+---------+-----------+---------+

Flot actuel :
+----+-----+-----+-----+-----+-----+-----+-----+-----+
|    |   0 |   1 |   2 |   3 |   4 |   5 |   6 |   7 |
+====+=====+=====+=====+=====+=====+=====+=====+=====+
|  0 |   0 |   5 |   7 |   0 |   0 |   0 |   0 |   0 |
+----+-----+-----+-----+-----+-----+-----+-----+-----+
|  1 |  -5 |   0 |   0 |   0 |   0 |   0 |   0 |   0 |
+----+-----+-----+-----+-----+-----+-----+-----+-----+
|  2 |  -7 |   0 |   0 |   0 |   4 |   3 |   0 |   0 |
+----+-----+-----+-----+-----+-----+-----+-----+-----+
|  3 |   0 |   0 |   0 |   0 |   0 |   0 |   0 |   0 |
+----+-----+-----+-----+-----+-----+-----+-----+-----+
|  4 |   0 |   0 |  -4 |   0 |   0 |   2 |   0 |   0 |
+----+-----+-----+-----+-----+-----+-----+-----+-----+
|  5 |   0 |   0 |  -3 |   0 |  -2 |   0 |   0 |   5 |
+----+-----+-----+-----+-----+-----+-----+-----+-----+
|  6 |   0 |   0 |   0 |   0 |   0 |   0 |   0 |   0 |
+----+-----+-----+-----+-----+-----+-----+-----+-----+
|  7 |   0 |   0 |   0 |   0 |   0 |  -5 |   0 |   0 |
+----+-----+-----+-----+-----+-----+-----+-----+-----+
Reetiquetage du sommet 1
Nouvelle hauteur : 9

Itération : 15
+---------+-----------+---------+
|   Noeud |   Hauteur |   Excès |
+=========+===========+=========+
|       0 |         8 |     -12 |
+---------+-----------+---------+
|       1 |         9 |       5 |
+---------+-----------+---------+
|       2 |         9 |       0 |
+---------+-----------+---------+
|       3 |         0 |       0 |
+---------+-----------+---------+
|       4 |         1 |       2 |
+---------+-----------+---------+
|       5 |         2 |       0 |
+---------+-----------+---------+
|       6 |         0 |       0 |
+---------+-----------+---------+
|       7 |         0 |       5 |
+---------+-----------+---------+

Flot actuel :
+----+-----+-----+-----+-----+-----+-----+-----+-----+
|    |   0 |   1 |   2 |   3 |   4 |   5 |   6 |   7 |
+====+=====+=====+=====+=====+=====+=====+=====+=====+
|  0 |   0 |   5 |   7 |   0 |   0 |   0 |   0 |   0 |
+----+-----+-----+-----+-----+-----+-----+-----+-----+
|  1 |  -5 |   0 |   0 |   0 |   0 |   0 |   0 |   0 |
+----+-----+-----+-----+-----+-----+-----+-----+-----+
|  2 |  -7 |   0 |   0 |   0 |   4 |   3 |   0 |   0 |
+----+-----+-----+-----+-----+-----+-----+-----+-----+
|  3 |   0 |   0 |   0 |   0 |   0 |   0 |   0 |   0 |
+----+-----+-----+-----+-----+-----+-----+-----+-----+
|  4 |   0 |   0 |  -4 |   0 |   0 |   2 |   0 |   0 |
+----+-----+-----+-----+-----+-----+-----+-----+-----+
|  5 |   0 |   0 |  -3 |   0 |  -2 |   0 |   0 |   5 |
+----+-----+-----+-----+-----+-----+-----+-----+-----+
|  6 |   0 |   0 |   0 |   0 |   0 |   0 |   0 |   0 |
+----+-----+-----+-----+-----+-----+-----+-----+-----+
|  7 |   0 |   0 |   0 |   0 |   0 |  -5 |   0 |   0 |
+----+-----+-----+-----+-----+-----+-----+-----+-----+
On pousse le flot du sommet 1 vers le sommet 0
Quantité de flot poussée : 5

Itération : 16
+---------+-----------+---------+
|   Noeud |   Hauteur |   Excès |
+=========+===========+=========+
|       0 |         8 |      -7 |
+---------+-----------+---------+
|       1 |         9 |       0 |
+---------+-----------+---------+
|       2 |         9 |       0 |
+---------+-----------+---------+
|       3 |         0 |       0 |
+---------+-----------+---------+
|       4 |         1 |       2 |
+---------+-----------+---------+
|       5 |         2 |       0 |
+---------+-----------+---------+
|       6 |         0 |       0 |
+---------+-----------+---------+
|       7 |         0 |       5 |
+---------+-----------+---------+

Flot actuel :
+----+-----+-----+-----+-----+-----+-----+-----+-----+
|    |   0 |   1 |   2 |   3 |   4 |   5 |   6 |   7 |
+====+=====+=====+=====+=====+=====+=====+=====+=====+
|  0 |   0 |   0 |   7 |   0 |   0 |   0 |   0 |   0 |
+----+-----+-----+-----+-----+-----+-----+-----+-----+
|  1 |   0 |   0 |   0 |   0 |   0 |   0 |   0 |   0 |
+----+-----+-----+-----+-----+-----+-----+-----+-----+
|  2 |  -7 |   0 |   0 |   0 |   4 |   3 |   0 |   0 |
+----+-----+-----+-----+-----+-----+-----+-----+-----+
|  3 |   0 |   0 |   0 |   0 |   0 |   0 |   0 |   0 |
+----+-----+-----+-----+-----+-----+-----+-----+-----+
|  4 |   0 |   0 |  -4 |   0 |   0 |   2 |   0 |   0 |
+----+-----+-----+-----+-----+-----+-----+-----+-----+
|  5 |   0 |   0 |  -3 |   0 |  -2 |   0 |   0 |   5 |
+----+-----+-----+-----+-----+-----+-----+-----+-----+
|  6 |   0 |   0 |   0 |   0 |   0 |   0 |   0 |   0 |
+----+-----+-----+-----+-----+-----+-----+-----+-----+
|  7 |   0 |   0 |   0 |   0 |   0 |  -5 |   0 |   0 |
+----+-----+-----+-----+-----+-----+-----+-----+-----+
On pousse le flot du sommet 4 vers le sommet 7
Quantité de flot poussée : 2

Itération : 17
+---------+-----------+---------+
|   Noeud |   Hauteur |   Excès |
+=========+===========+=========+
|       0 |         8 |      -7 |
+---------+-----------+---------+
|       1 |         9 |       0 |
+---------+-----------+---------+
|       2 |         9 |       0 |
+---------+-----------+---------+
|       3 |         0 |       0 |
+---------+-----------+---------+
|       4 |         1 |       0 |
+---------+-----------+---------+
|       5 |         2 |       0 |
+---------+-----------+---------+
|       6 |         0 |       0 |
+---------+-----------+---------+
|       7 |         0 |       7 |
+---------+-----------+---------+

Flot actuel :
+----+-----+-----+-----+-----+-----+-----+-----+-----+
|    |   0 |   1 |   2 |   3 |   4 |   5 |   6 |   7 |
+====+=====+=====+=====+=====+=====+=====+=====+=====+
|  0 |   0 |   0 |   7 |   0 |   0 |   0 |   0 |   0 |
+----+-----+-----+-----+-----+-----+-----+-----+-----+
|  1 |   0 |   0 |   0 |   0 |   0 |   0 |   0 |   0 |
+----+-----+-----+-----+-----+-----+-----+-----+-----+
|  2 |  -7 |   0 |   0 |   0 |   4 |   3 |   0 |   0 |
+----+-----+-----+-----+-----+-----+-----+-----+-----+
|  3 |   0 |   0 |   0 |   0 |   0 |   0 |   0 |   0 |
+----+-----+-----+-----+-----+-----+-----+-----+-----+
|  4 |   0 |   0 |  -4 |   0 |   0 |   2 |   0 |   2 |
+----+-----+-----+-----+-----+-----+-----+-----+-----+
|  5 |   0 |   0 |  -3 |   0 |  -2 |   0 |   0 |   5 |
+----+-----+-----+-----+-----+-----+-----+-----+-----+
|  6 |   0 |   0 |   0 |   0 |   0 |   0 |   0 |   0 |
+----+-----+-----+-----+-----+-----+-----+-----+-----+
|  7 |   0 |   0 |   0 |   0 |  -2 |  -5 |   0 |   0 |
+----+-----+-----+-----+-----+-----+-----+-----+-----+

Flot maximal : 7